STATIONS_ID;MESS_DATUM;QN_3;  FX;  FM;QN_4; RSK;RSKF; SDK;SHK_TAG;  NM; VPM;  PM; TMK; UPM; TXK; TNK; TGK;eor
       1975;20221124;   10;   6.7;   2.8;    9;   0.0;   6;    0.300;   0;   5.5;   8.7; 1007.10;    6.0;   93.00;    9.5;    3.2;   -1.0;eor
       1975;20221125;   10;   7.7;   2.7;    9;   2.1;   6;    0.000;   0;   7.6;   9.0; 1013.80;    5.9;   96.00;    8.4;    3.2;    1.5;eor
       1975;20221126;   10;   6.7;   2.5;    9;   0.9;   6;    0.000;   0;   6.6;   9.1; 1025.00;    5.8;   99.00;    7.4;    1.9;   -1.0;eor
       1975;20221127;   10;   9.4;   3.7;    9;   0.1;   6;    1.300;   0;   6.0;   7.9; 1020.70;    4.8;   92.00;    6.1;    2.2;    0.1;eor
       1975;20221128;   10;  11.7;   5.1;    9;   2.5;   6;    0.000;   0;   7.5;   7.4; 1012.00;    4.9;   86.00;    5.6;    4.3;    3.5;eor
       1975;20221129;   10;   6.5;   3.2;    9;   0.1;   6;    0.000;   0;   7.9;   7.5; 1017.20;    4.2;   90.00;    4.7;    3.6;    3.0;eor
       1975;20221130;   10;   5.1;   2.8;    9;   0.2;   6;    0.000;   0;   7.8;   7.7; 1023.50;    4.2;   94.00;    4.7;    3.9;    3.5;eor
       1975;20221201;   10;   8.4;   2.8;    9;   0.6;   7;    0.000;   0;   7.9;   6.7; 1027.20;    2.8;   89.00;    4.0;    0.8;    0.7;eor
       1975;20221202;   10;   9.6;   3.0;    9;   0.0;   7;    0.000;   1;   7.8;   6.0; 1026.20;    1.4;   89.00;    3.3;    0.2;   -0.1;eor
       1975;20221203;   10;   9.8;   4.1;    9;   0.0;   0;    0.000;   0;   8.0;   5.3; 1023.10;    1.0;   81.00;    2.7;   -0.7;   -1.1;eor
       1975;20221204;   10;  10.3;   4.3;    9;   0.0;   6;    0.000;   0;   8.0;   6.1; 1020.20;    2.0;   86.00;    4.4;   -0.6;   -0.8;eor
       1975;20221205;   10;   9.8;   2.6;    9;   5.6;   6;    0.000;   0;   7.6;   7.3; 1017.40;    3.3;   94.00;    4.9;    2.1;    1.9;eor
       1975;20221206;   10;   6.7;   2.8;    9;   0.3;   6;    0.000;   0;   7.5;   7.1; 1014.10;    2.8;   95.00;    4.2;    0.0;   -2.1;eor
       1975;20221207;   10;  10.1;   3.0;    9;   1.8;   8;    0.800;   0;   7.4;   6.1; 1008.50;    1.8;   87.00;    4.4;   -1.2;   -3.3;eor
       1975;20221208;   10;   7.5;   2.0;    9;   4.4;   8;    0.000;   0;   7.2;   6.2; 1003.70;    0.7;   97.00;    2.0;   -2.2;   -5.3;eor
       1975;20221209;   10;   6.2;   2.9;    9;   0.0;   0;    3.700;   0;   5.0;   5.6; 1005.60;   -0.1;   92.00;    2.3;   -2.1;   -5.4;eor
       1975;20221210;   10;   5.1;   2.2;    9;   0.0;   8;    0.000;   0;   7.9;   4.7; 1009.30;   -1.4;   86.00;   -0.6;   -2.5;   -2.7;eor
       1975;20221211;   10;   4.1;   1.7;    9;   0.0;   8;    5.200;   0;   5.6;   4.2; 1009.80;   -2.4;   82.00;   -0.4;   -6.3;   -7.4;eor
       1975;20221212;   10;   3.1;   1.0;    9;   0.0;   0;    4.700;   1;   3.1;   3.8; 1011.20;   -5.3;   93.00;   -2.1;   -8.5;  -11.1;eor
       1975;20221213;   10;   6.2;   2.1;    9;   0.0;   7;    0.100;   1;   5.7;   4.1; 1009.50;   -3.8;   89.00;   -0.2;   -8.0;  -10.0;eor
       1975;20221214;   10;   5.7;   2.3;    9;   0.0;   7;    6.600;   1;   0.6;   3.4; 1002.60;   -5.3;   82.00;   -1.2;   -8.2;  -13.1;eor
       1975;20221215;   10;   7.2;   2.6;    9;   0.2;   8;    0.600;   1;   5.8;   4.2; 1004.60;   -3.1;   86.00;    1.0;   -8.2;  -12.6;eor
       1975;20221216;   10;   3.1;   1.2;    9;   0.0;   0;    0.700;   1;   6.3;   4.5; 1014.10;   -3.1;   93.00;   -1.2;   -6.4;  -10.8;eor
       1975;20221217;   10;   7.5;   1.9;    9;   0.0;   0;    6.600;   1;   1.0;   3.8; 1023.80;   -4.9;   89.00;    0.4;   -9.1;  -13.4;eor
       1975;20221218;   10;  12.9;   4.4;    9;   0.0;   8;    4.200;   1;   4.4;   3.5; 1027.00;   -4.5;   80.00;   -2.1;   -7.5;  -12.4;eor
       1975;20221219;   10;  12.2;   6.2;    9;   6.5;   6;    0.000;   1;   7.9;   6.8; 1015.00;    2.7;   88.00;    8.0;   -2.6;   -3.7;eor
       1975;20221220;   10;  13.4;   6.1;    9;   6.2;   6;    0.000;   0;   7.8;  10.2; 1009.00;    9.3;   87.00;   11.7;    7.0;    4.9;eor
       1975;20221221;   10;   9.4;   3.2;    9;   0.1;   6;    0.000;   0;   7.4;   9.8; 1006.50;    7.2;   96.00;    9.1;    4.5;    1.5;eor
       1975;20221222;   10;   8.6;   3.5;    9;   3.1;   6;    2.200;   0;   7.5;   9.4; 1001.10;    6.9;   94.00;    8.8;    4.0;    1.8;eor
       1975;20221223;   10;   5.1;   2.0;    9;   3.9;   6;    0.000;   0;   7.8;   8.9; 1001.70;    5.7;   97.00;    6.5;    4.2;    3.9;eor
       1975;20221224;   10;   6.0;   2.5;    9;   2.7;   6;    0.000;   0;   7.4;   8.9; 1007.50;    5.6;   97.00;    8.4;    4.1;    1.5;eor
       1975;20221225;   10;   6.3;   2.6;    9;   5.3;   6;    0.000;   0;   7.4;   8.9; 1011.00;    5.5;   98.00;    7.2;    1.8;   -1.5;eor
       1975;20221226;   10;  16.6;   4.4;    9;   1.1;   6;    0.000;   0;   6.9;   8.9; 1008.10;    6.6;   90.00;    9.6;    3.4;    1.6;eor
       1975;20221227;   10;  12.5;   5.5;    9;   3.1;   6;    2.800;   0;   5.7;   7.0; 1016.70;    4.2;   85.00;    6.2;    2.9;    1.1;eor
       1975;20221228;   10;  15.3;   7.7;    9;   7.7;   6;    0.000;   0;   7.5;   9.2; 1005.90;    7.1;   91.00;    8.7;    4.8;    3.8;eor
       1975;20221229;   10;  17.0;   7.0;    9;   4.3;   6;    1.000;   0;   7.3;   9.9;  998.40;    8.9;   86.00;   10.8;    5.5;    3.0;eor
       1975;20221230;   10;  17.5;   7.0;    9;   4.1;   6;    2.500;   0;   6.3;   8.6; 1003.30;    7.4;   82.00;   10.5;    4.9;    3.4;eor
       1975;20221231;   10;  16.6;   6.1;    9;  11.0;   6;    0.200;   0;   7.6;  13.0; 1001.20;   12.4;   90.00;   15.4;   10.1;    8.4;eor
       1975;20230101;   10;  18.7;   7.7;    9;   0.9;   6;    3.200;   0;   7.4;  10.2; 1009.00;   13.3;   67.00;   15.7;   10.0;    8.4;eor
       1975;20230102;   10;  16.3;   5.5;    9;   2.8;   6;    0.000;   0;   7.4;  10.9; 1011.40;    9.9;   89.00;   13.1;    6.0;    4.2;eor
       1975;20230103;   10;   9.8;   3.8;    9;   3.4;   6;    4.200;   0;   4.8;   7.4; 1023.00;    5.0;   85.00;    6.6;    2.3;    0.7;eor
       1975;20230104;   10;  17.5;   7.9;    9;  12.3;   6;    0.000;   0;   7.8;  10.5; 1007.60;    9.4;   88.00;   11.6;    6.3;    4.7;eor
       1975;20230105;   10;  18.0;   6.0;    9;   1.4;   6;    1.600;   0;   7.1;   8.9; 1011.90;    7.5;   86.00;   10.0;    3.3;    1.0;eor
       1975;20230106;   10;  12.5;   4.8;    9;   2.7;   6;    1.400;   0;   6.8;   9.4; 1012.80;    7.6;   90.00;   10.0;    3.4;   -0.3;eor
       1975;20230107;   10;  10.3;   4.9;    9;   0.0;   6;    0.100;   0;   7.8;   9.9; 1009.80;    8.9;   87.00;   11.2;    3.6;   -0.2;eor
       1975;20230108;   10;   9.8;   4.8;    9;   3.9;   6;    2.400;   0;   6.3;   9.0;  999.20;    8.6;   81.00;   10.5;    4.2;    0.8;eor
       1975;20230109;   10;   9.6;   3.3;    9;   2.3;   6;    1.000;   0;   7.2;   8.8;  996.00;    6.3;   92.00;    7.3;    3.9;    1.2;eor
       1975;20230110;   10;  14.7;   5.5;    9;   4.9;   6;    0.000;   0;   7.2;   8.2; 1010.50;    6.0;   87.00;    7.3;    4.3;    2.7;eor
       1975;20230111;   10;  16.6;   6.2;    9;   2.1;   6;    1.200;   0;   6.4;   9.6; 1004.60;    8.0;   89.00;    9.9;    5.5;    3.2;eor
       1975;20230112;   10;  19.9;   7.7;    9;  11.2;   6;    0.000;   0;   7.6;  10.5;  999.50;    9.2;   90.00;   10.6;    7.4;    6.1;eor
       1975;20230113;   10;  17.0;   7.9;    9;   5.2;   6;    0.200;   0;   6.4;   8.8;  999.00;    7.8;   83.00;   10.4;    6.6;    5.1;eor
       1975;20230114;   10;  16.3;   7.3;    9;   9.4;   6;    0.000;   0;   7.3;   9.1; 1000.70;    7.1;   89.00;   10.4;    5.5;    4.1;eor
       1975;20230115;   10;  23.1;   8.9;    9;   1.7;   6;    1.900;   0;   6.8;   7.3;  992.10;    5.9;   79.00;    7.0;    4.6;    3.1;eor
       1975;20230116;   10;  12.9;   6.2;    9;   2.5;   6;    1.500;   0;   7.6;   6.9;  985.40;    4.9;   79.00;    5.8;    3.6;    2.5;eor
       1975;20230117;   10;-999;-999;    9;   1.3;   4;    2.900;   0;   4.1;   6.2;  980.80;    2.5;   85.00;    4.1;   -1.5;   -3.6;eor
       1975;20230118;   10;-999;-999;    9;   0.0;   4;    5.600;   0;   3.9;   5.0;  992.20;    0.1;   81.00;    2.6;   -2.7;   -6.2;eor
       1975;20230119;   10;-999;-999;    9;   0.1;   4;    0.200;   0;   7.8;   6.1;  999.10;    1.9;   87.00;    3.9;   -1.1;   -3.4;eor
       1975;20230120;   10;-999;-999;    9;   0.0;   4;    2.500;   0;   7.8;   5.6; 1014.50;    0.8;   87.00;    3.6;   -1.3;   -3.0;eor
       1975;20230121;   10;-999;-999;    9;   0.0;   0;    1.800;   0;   6.8;   6.0; 1029.30;    1.4;   88.00;    4.1;    0.1;   -1.6;eor
       1975;20230122;   10;-999;-999;    9;   0.0;   4;    0.000;   0;   8.0;   6.0; 1031.50;    2.6;   81.00;    4.3;    1.0;    0.6;eor
       1975;20230123;   10;-999;-999;    9;   0.0;   4;    0.000;   0;   8.0;   6.6; 1036.90;    2.6;   89.00;    3.6;    1.7;    1.2;eor
       1975;20230124;   10;-999;-999;    9;   0.0;   0;    0.000;   0;   8.0;   5.7; 1038.50;    1.7;   83.00;    2.5;    0.1;    0.0;eor
       1975;20230125;   10;-999;-999;    9;   0.0;   4;    0.000;   0;   8.0;   5.1; 1030.00;   -1.3;   91.00;    0.2;   -2.4;   -2.1;eor
       1975;20230126;   10;-999;-999;    9;   0.0;   4;    0.000;   0;   8.0;   6.4; 1021.20;    0.9;   97.00;    4.6;   -1.8;   -1.7;eor
       1975;20230127;   10;-999;-999;    9;   0.0;   4;    0.600;   0;   7.8;   6.3; 1026.10;    2.7;   84.00;    4.4;    0.3;   -1.4;eor
       1975;20230128;   10;   7.7;   2.6;    9;   0.6;   8;    3.800;   0;   7.0;   5.4; 1026.80;    0.9;   83.00;    2.6;   -3.0;   -4.8;eor
       1975;20230129;   10;  14.7;   5.8;    9;   4.3;   6;    0.000;   0;   7.9;   7.1; 1018.80;    3.2;   93.00;    4.0;    2.2;    1.4;eor
       1975;20230130;   10;  21.4;   8.2;    9;   4.9;   6;    1.100;   0;   6.1;   7.4; 1006.50;    5.2;   83.00;    6.7;    2.5;    1.4;eor
       1975;20230131;   10;  23.1;   6.7;    9;  13.9;   6;    0.000;   0;   6.8;   7.6; 1011.10;    4.9;   87.00;    7.7;    2.4;    0.3;eor
       1975;20230201;   10;  17.8;   7.2;    9;   8.1;   6;    0.600;   0;   7.1;   7.3; 1006.60;    5.2;   83.00;    6.5;    3.0;    1.9;eor
       1975;20230202;   10;  15.6;   5.2;    9;   6.7;   6;    4.700;   0;   6.7;   7.5; 1015.60;    5.4;   83.00;    8.3;    3.0;    0.2;eor
       1975;20230203;   10;  23.1;   9.3;    9;   7.8;   6;    0.100;   0;   7.6;   8.5; 1014.50;    7.0;   84.00;    8.4;    2.9;    1.0;eor
       1975;20230204;   10;   6.2;   2.3;    9;   0.0;   0;    4.300;   0;   6.8;   5.7; 1034.60;    1.8;   82.00;    5.2;   -1.8;   -4.0;eor
       1975;20230205;   10;   8.6;   3.1;    9;   0.0;   8;    0.000;   0;   7.0;   5.3; 1035.50;    0.4;   84.00;    2.7;   -2.7;   -4.8;eor
       1975;20230206;   10;   5.1;   1.6;    9;   0.0;   0;    3.500;   0;   3.2;   5.5; 1039.20;   -0.6;   94.00;    3.7;   -4.4;   -6.2;eor
       1975;20230207;   10;   5.1;   1.7;    9;   0.0;   0;    8.400;   0;   2.3;   4.9; 1039.70;   -1.6;   89.00;    2.5;   -5.9;   -8.5;eor
       1975;20230208;   10;  10.3;   3.7;    9;   0.0;   0;    8.200;   0;   2.4;   4.2; 1036.70;   -0.4;   73.00;    5.0;   -4.9;   -7.7;eor
       1975;20230209;   10;  11.0;   4.6;    9;   0.0;   6;    3.200;   0;   6.8;   4.7; 1028.60;    0.7;   73.00;    3.4;   -3.9;   -6.5;eor
       1975;20230210;   10;  13.2;   5.1;    9;   0.0;   6;    1.100;   0;   7.7;   7.1; 1029.60;    4.7;   84.00;    7.7;    2.4;    0.8;eor
       1975;20230211;   10;  14.2;   6.0;    9;   0.1;   6;    0.000;   0;   7.9;   9.6; 1027.50;    7.1;   95.00;    8.2;    5.5;    4.5;eor
       1975;20230212;   10;   8.7;   2.7;    9;   0.3;   6;    0.000;   0;   7.9;   9.8; 1035.40;    7.1;   98.00;    8.1;    6.2;    5.7;eor
       1975;20230213;   10;   4.6;   1.7;    9;   0.0;   0;    0.000;   0;   8.0;   8.1; 1035.80;    6.2;   85.00;    7.3;    5.1;    4.4;eor
       1975;20230214;   10;   6.5;   2.4;    9;   0.0;   0;    7.200;   0;   3.9;   7.7; 1032.70;    6.3;   81.00;   10.7;    2.9;   -1.0;eor
       1975;20230215;   10;   5.7;   2.5;    9;   0.0;   0;    3.400;   0;   7.5;   7.6; 1024.30;    4.0;   94.00;    8.4;    1.2;   -2.5;eor
       1975;20230216;   10;   8.2;   3.8;    9;   2.0;   6;    0.000;   0;   7.3;   8.2; 1018.50;    5.5;   90.00;    8.0;    0.6;   -2.7;eor
       1975;20230217;   10;  23.5;   8.2;    9;   4.6;   6;    0.000;   0;   7.5;  10.2; 1010.20;    9.1;   87.00;   12.0;    6.6;    4.8;eor
       1975;20230218;   10;  16.3;   3.9;    9;  13.3;   6;    0.300;   0;   7.4;   8.3; 1011.50;    5.6;   91.00;    9.6;    3.2;    1.4;eor
       1975;20230219;   10;  10.3;   3.4;    9;   0.1;   6;    7.700;   0;   6.1;   6.9; 1017.70;    4.6;   82.00;    8.0;    2.0;    0.1;eor
       1975;20230220;   10;  18.0;   8.0;    9;  10.3;   6;    0.000;   0;   7.7;   9.5; 1011.90;    8.1;   87.00;   10.3;    5.0;    4.2;eor
       1975;20230221;   10;  11.0;   4.7;    9;   0.4;   6;    0.700;   0;   7.7;   9.7; 1013.30;    8.2;   89.00;   10.4;    7.2;    6.3;eor
       1975;20230222;   10;   9.8;   3.7;    9;   0.0;   0;    0.600;   0;   7.8;  10.2; 1012.10;    8.7;   91.00;   11.4;    7.1;    5.3;eor
       1975;20230223;   10;  10.8;   3.6;    9;   1.1;   6;    0.000;   0;   7.6;   8.6; 1010.60;    6.5;   88.00;    8.1;    3.4;    1.2;eor
       1975;20230224;   10;  15.6;   6.2;    9;   3.5;   8;    0.900;   0;   7.4;   6.9;  999.50;    4.2;   84.00;    6.8;    2.2;    1.5;eor
       1975;20230225;   10;  17.7;   6.1;    9;   0.1;   8;    2.600;   0;   6.1;   5.0; 1005.20;    1.9;   72.00;    4.4;   -2.1;   -4.5;eor
       1975;20230226;   10;   7.7;   3.0;    9;   0.0;   0;    4.900;   0;   2.6;   4.6; 1021.70;   -0.1;   77.00;    4.9;   -4.7;   -7.3;eor
       1975;20230227;   10;   6.9;   1.8;    9;   0.0;   0;    5.800;   0;   4.3;   5.0; 1028.50;    0.9;   77.00;    6.7;   -6.2;   -8.0;eor
       1975;20230228;   10;   5.0;   1.2;    9;   0.0;   0;    9.500;   0;   1.8;   4.7; 1030.30;    2.5;   67.00;    7.9;   -2.9;   -5.7;eor
       1975;20230301;   10;   7.2;   2.0;    9;   0.0;   0;    6.200;   0;   6.1;   5.8; 1027.90;    1.4;   86.00;    7.0;   -3.2;   -5.6;eor
       1975;20230302;   10;   5.1;   1.8;    9;   0.0;   0;    0.000;   0;   6.8;   6.0; 1024.60;    0.4;   96.00;    3.0;   -2.4;   -5.3;eor
       1975;20230303;   10;  12.5;   3.7;    9;   0.0;   6;    0.000;   0;   7.8;   6.5; 1021.60;    2.4;   89.00;    6.0;   -1.7;   -2.5;eor
       1975;20230304;   10;  13.4;   6.7;    9;   0.0;   8;    0.300;   0;   7.8;   6.1; 1016.80;    4.9;   70.00;    6.7;    2.3;    0.8;eor
       1975;20230305;   10;  13.5;   3.8;    9;   3.0;   8;    2.000;   0;   7.4;   5.9; 1009.80;    2.2;   83.00;    5.4;    0.0;   -0.7;eor
       1975;20230306;   10;  11.7;   2.9;    9;   1.6;   8;    3.500;   2;   7.3;   5.5; 1000.80;    1.6;   82.00;    5.3;   -3.1;   -5.1;eor
       1975;20230307;   10;  18.5;   6.9;    9;   0.7;   8;    4.400;   0;   4.8;   5.6;  990.80;    2.3;   78.00;    5.6;   -1.8;   -4.7;eor
       1975;20230308;   10;   7.2;   2.8;    9;   0.0;   8;    1.000;   0;   6.9;   5.1;  994.80;    0.7;   80.00;    3.8;   -3.1;   -6.7;eor
       1975;20230309;   10;   7.2;   2.9;    9;   0.8;   8;    3.200;   0;   8.0;   5.3;  995.70;    1.4;   79.00;    4.5;   -1.2;   -2.0;eor
       1975;20230310;   10;  10.5;   4.6;    9;   8.1;   8;    0.000;   0;   7.7;   6.0;  990.20;    0.7;   94.00;    1.9;   -0.1;   -0.2;eor
       1975;20230311;   10;  18.7;   4.7;    9;   1.1;   8;    7.500;   4;   4.6;   5.6; 1004.30;    1.3;   85.00;    5.9;   -2.1;   -4.5;eor
       1975;20230312;   10;  11.8;   4.1;    9;   5.2;   6;    0.500;   0;   7.5;   6.6; 1005.70;    2.3;   90.00;    6.9;   -1.6;   -3.9;eor
       1975;20230313;   10;  20.1;   7.4;    9;   2.7;   6;    2.900;   0;   6.7;  10.6;  990.90;   11.5;   79.00;   16.4;    6.6;    5.4;eor
       1975;20230314;   10;  19.2;   7.2;    9;   5.1;   8;    1.500;   0;   6.1;   7.9;  991.40;    6.6;   78.00;   11.4;    0.6;   -0.6;eor
       1975;20230315;   10;  19.0;   4.2;    9;   1.9;   8;    6.900;   1;   3.8;   5.9; 1012.30;    2.3;   82.00;    7.0;   -2.1;   -5.3;eor
       1975;20230316;   10;  15.3;   6.1;    9;   0.0;   0;    6.100;   0;   7.4;   4.9; 1015.80;    4.6;   61.00;    9.8;   -2.3;   -5.5;eor
       1975;20230317;   10;  10.3;   5.1;    9;   0.1;   6;    7.600;   0;   7.9;   6.9; 1007.50;   10.0;   57.00;   16.8;    4.2;    2.5;eor
       1975;20230318;   10;   9.6;   3.0;    9;   0.1;   6;    2.700;   0;   7.3;  10.6; 1008.40;   11.7;   77.00;   16.1;    9.2;    6.2;eor
       1975;20230319;   10;   8.1;   2.4;    9;   0.1;   6;    1.800;   0;   6.7;  10.9; 1012.00;   10.9;   85.00;   16.2;    6.8;    3.2;eor
       1975;20230320;   10;   9.6;   3.5;    9;   0.4;   6;    0.100;   0;   7.7;   9.5; 1014.60;    8.1;   88.00;   10.8;    6.9;    6.6;eor
       1975;20230321;   10;   8.9;   4.1;    9;   2.7;   6;    0.000;   0;   7.8;  10.9; 1010.90;    9.0;   95.00;   10.5;    7.2;    6.6;eor
       1975;20230322;   10;  15.9;   7.0;    9;   4.3;   6;    0.400;   0;   7.7;  10.4; 1003.80;   11.1;   79.00;   13.6;    8.5;    6.8;eor
       1975;20230323;   10;  17.8;   5.8;    9;  17.2;   6;    1.900;   0;   7.3;  11.1; 1000.00;   11.1;   84.00;   13.9;    8.3;    6.8;eor
       1975;20230324;   10;  18.0;   6.8;    9;   4.1;   6;    4.900;   0;   5.5;  10.0;  996.90;   11.4;   75.00;   14.8;    8.0;    6.3;eor
       1975;20230325;   10;  16.1;   5.8;    9;  15.6;   6;    1.300;   0;   7.4;   9.6;  997.20;    8.2;   88.00;   10.4;    6.2;    5.9;eor
       1975;20230326;   10;  12.3;   5.0;    9;   0.0;   6;    5.700;   0;   5.5;   6.7; 1002.20;    6.2;   70.00;    9.4;    1.1;   -1.7;eor
       1975;20230327;   10;  19.2;   5.2;    9;   3.2;   8;    7.400;   0;   4.3;   5.7; 1012.60;    2.7;   77.00;    6.8;   -0.2;   -2.7;eor
       1975;20230328;   10;  11.8;   3.3;    9;   0.1;   6;    5.100;   0;   4.8;   5.6; 1020.30;    3.6;   72.00;    7.7;   -3.3;   -5.5;eor
       1975;20230329;   10;  10.1;   3.8;    9;   0.3;   6;    0.000;   0;   7.7;   8.4; 1011.90;    7.4;   81.00;   10.8;    3.4;    0.8;eor
       1975;20230330;   10;  16.3;   5.0;    9;  10.6;   6;    2.400;   0;   7.5;  11.4; 1001.60;   11.4;   85.00;   15.6;    8.7;    7.4;eor
       1975;20230331;   10;   8.7;   3.6;    9;   7.1;   6;    0.000;   0;   7.7;  11.6;  994.90;   10.7;   90.00;   12.5;    9.8;    8.4;eor
       1975;20230401;   10;  15.1;   6.6;    9;   1.9;   6;    0.000;   0;   7.5;   8.7; 1001.10;    6.1;   89.00;   10.0;    1.1;   -0.2;eor
       1975;20230402;   10;  14.9;   5.4;    9;   0.0;   0;   10.800;   0;   2.0;   5.3; 1023.30;    3.7;   67.00;    8.0;   -1.0;   -3.5;eor
       1975;20230403;   10;   9.3;   2.7;    9;   0.0;   0;   10.500;   0;   1.2;   4.9; 1031.90;    2.7;   69.00;    8.6;   -3.6;   -6.7;eor
       1975;20230404;   10;   6.2;   1.5;    9;   0.0;   0;    9.700;   0;   5.6;   4.3; 1027.60;    2.4;   63.00;    8.1;   -2.8;   -5.4;eor
       1975;20230405;   10;   7.2;   1.7;    9;   0.0;   6;    6.300;   0;   4.6;   5.2; 1021.60;    3.7;   67.00;    9.8;   -3.8;   -6.9;eor
       1975;20230406;   10;  11.3;   4.2;    9;   0.0;   0;   12.200;   0;   0.0;   5.2; 1016.90;    6.5;   57.00;   12.8;   -1.3;   -4.7;eor
       1975;20230407;   10;  11.3;   5.4;    9;   0.0;   6;    9.700;   0;   4.3;   6.2; 1019.20;    6.5;   65.00;   11.2;    2.8;    0.1;eor
       1975;20230408;   10;   8.7;   3.4;    9;   0.0;   0;    0.000;   0;   8.0;   8.4; 1024.70;    5.9;   91.00;    6.8;    4.7;    4.7;eor
       1975;20230409;   10;   7.2;   2.6;    9;   0.0;   0;    5.000;   0;   6.3;   9.2; 1025.10;    8.1;   86.00;   13.2;    5.8;    2.9;eor
       1975;20230410;   10;  15.6;   6.7;    9;   2.2;   6;    8.600;   0;   6.8;   8.4; 1016.00;   11.8;   64.00;   17.6;    5.1;    2.8;eor
       1975;20230411;   10;  15.3;   4.9;    9;   3.4;   6;    1.300;   0;   6.4;   9.0; 1006.70;    7.3;   88.00;   10.1;    2.3;   -0.6;eor
       1975;20230412;   10;  13.4;   5.2;    9;   8.7;   6;    2.200;   0;   7.2;   8.4;  999.90;    7.0;   84.00;   10.4;    2.9;    0.8;eor
       1975;20230413;   10;  16.8;   4.6;    9;   0.8;   6;    5.500;   0;   5.4;   8.3; 1000.80;    7.0;   84.00;   13.2;    2.5;   -0.5;eor
       1975;20230414;   10;   8.7;   2.9;    9;   1.2;   6;    5.700;   0;   7.4;   8.3; 1009.00;    7.5;   81.00;   12.9;    0.6;   -1.2;eor
       1975;20230415;   10;  12.2;   4.3;    9;   0.0;   6;    1.100;   0;   7.8;  10.0; 1010.60;    9.6;   84.00;   14.2;    6.9;    6.4;eor
       1975;20230416;   10;   7.7;   3.0;    9;   0.0;   6;    0.000;   0;   7.8;   9.5; 1020.50;    9.1;   82.00;   10.9;    7.1;    6.1;eor
       1975;20230417;   10;  13.7;   4.0;    9;   0.0;   0;   11.000;   0;   4.3;   7.9; 1025.80;    9.2;   70.00;   14.2;    5.1;    3.9;eor
       1975;20230418;   10;  12.3;   4.7;    9;   0.0;   0;    4.700;   0;   5.8;   8.0; 1029.40;    7.8;   76.00;   12.1;    3.4;    1.9;eor
       1975;20230419;   10;  19.7;   6.6;    9;   1.3;   6;   12.900;   0;   4.0;   5.5; 1027.00;    8.8;   51.00;   13.4;    2.3;   -0.6;eor
       1975;20230420;   10;  16.8;   5.1;    9;   3.3;   6;    0.900;   0;   6.4;   8.6; 1020.60;    7.9;   81.00;   12.6;    5.5;    4.6;eor
       1975;20230421;   10;  13.2;   5.8;    9;   0.0;   0;   12.900;   0;   0.5;   9.1; 1016.10;   12.6;   64.00;   19.5;    6.3;    4.9;eor
       1975;20230422;   10;  13.7;   5.7;    9;   0.3;   6;   10.000;   0;   4.3;  10.0; 1007.00;   16.3;   54.00;   22.6;    8.9;    6.1;eor
       1975;20230423;   10;  17.3;   3.2;    9;   2.7;   6;    4.800;   0;   6.8;  11.5; 1003.50;   12.8;   78.00;   18.6;    9.1;    8.8;eor
       1975;20230424;   10;  13.4;   6.1;    9;   5.1;   6;    2.900;   0;   6.0;  10.1;  999.30;   10.3;   81.00;   12.8;    7.1;    6.8;eor
       1975;20230425;   10;  17.8;   5.9;    9;   2.2;   6;    4.200;   0;   5.7;   7.0; 1007.60;    6.2;   75.00;    9.9;    3.3;    1.5;eor
       1975;20230426;   10;  13.7;   4.9;    9;   0.0;   6;    8.400;   0;   5.0;   6.6; 1014.50;    6.0;   72.00;   10.1;    2.5;   -0.6;eor
       1975;20230427;   10;  10.3;   2.9;    9;   0.0;   6;    4.800;   0;   6.1;   6.9; 1018.20;    6.1;   74.00;   10.3;    1.4;   -1.7;eor
       1975;20230428;   10;  11.8;   3.9;    9;   8.8;   6;    5.100;   0;   7.4;   8.1; 1012.20;    9.0;   72.00;   13.8;    2.4;   -0.8;eor
       1975;20230429;   10;  13.9;   4.9;    9;   0.0;   0;   12.000;   0;   3.2;   8.8; 1015.20;    9.7;   74.00;   15.0;    3.0;   -0.4;eor
       1975;20230430;   10;   6.9;   1.8;    9;   0.0;   0;   13.500;   0;   1.5;   6.7; 1021.70;    7.8;   66.00;   14.3;    0.1;   -3.2;eor
       1975;20230501;   10;   8.2;   3.3;    9;   0.0;   6;   12.400;   0;   7.7;   7.7; 1014.40;   11.7;   58.00;   19.2;    3.9;    0.1;eor
       1975;20230502;   10;  13.2;   5.6;    9;   0.0;   0;    1.400;   0;   6.6;   7.4; 1021.00;    8.2;   68.00;   10.8;    2.0;   -1.7;eor
       1975;20230503;   10;   8.1;   2.3;    9;   0.0;   0;    8.300;   0;   4.4;   7.0; 1027.00;    7.7;   69.00;   12.9;    1.1;   -2.3;eor
       1975;20230504;   10;  11.3;   3.8;    9;   0.0;   0;   10.900;   0;   6.6;   7.9; 1022.20;    9.9;   67.00;   16.8;    1.2;   -1.0;eor
       1975;20230505;   10;  13.9;   6.8;    9;   1.6;   6;    3.100;   0;   7.9;   9.3; 1017.00;   11.2;   70.00;   16.5;    7.2;    5.8;eor
       1975;20230506;   10;   9.8;   4.2;    9;   0.0;   6;    0.000;   0;   8.0;  10.0; 1017.80;    8.5;   90.00;    9.8;    7.5;    7.1;eor
       1975;20230507;   10;  13.2;   6.3;    9;   0.0;   0;    3.800;   0;   7.3;   9.6; 1021.20;   11.5;   72.00;   16.0;    8.4;    8.0;eor
       1975;20230508;   10;  14.1;   6.2;    9;   0.0;   0;   13.600;   0;   4.6;   8.4; 1022.10;   13.5;   56.00;   19.3;    7.4;    5.5;eor
       1975;20230509;   10;  15.3;   7.1;    9;   0.0;   0;   13.700;   0;   3.8;   8.2; 1013.10;   15.8;   47.00;   21.2;    8.7;    6.9;eor
       1975;20230510;   10;  10.8;   4.2;    9;   4.0;   6;    3.100;   0;   7.9;  11.7; 1008.60;   13.4;   76.00;   16.2;   11.1;    9.1;eor
       1975;20230511;   10;   7.2;   2.4;    9;   0.2;   6;    1.500;   0;   7.7;  13.7; 1013.90;   13.7;   87.00;   18.8;   10.3;    8.9;eor
       1975;20230512;   10;  12.0;   3.7;    9;   0.0;   0;    9.200;   0;   3.7;  10.8; 1018.30;   16.5;   60.00;   22.4;   10.5;    8.9;eor
       1975;20230513;   10;  12.2;   3.8;    9;   0.0;   0;   13.200;   0;   0.6;   9.7; 1020.30;   15.9;   57.00;   22.5;    8.3;    5.1;eor
       1975;20230514;   10;  11.8;   2.9;    9;   0.0;   6;   11.000;   0;   5.3;   9.8; 1016.40;   15.6;   58.00;   21.7;    7.1;    4.4;eor
       1975;20230515;   10;  11.8;   4.0;    9;   0.0;   6;   10.900;   0;   4.9;  11.1; 1009.90;   14.3;   71.00;   22.3;    6.6;    3.1;eor
       1975;20230516;   10;  16.5;   6.7;    9;   1.8;   6;    7.300;   0;   6.8;   8.9; 1014.50;   10.3;   72.00;   13.4;    8.7;    7.3;eor
       1975;20230517;   10;  13.4;   5.7;    9;   0.0;   6;    4.700;   0;   6.6;   7.4; 1022.90;    9.0;   65.00;   12.0;    6.2;    3.3;eor
       1975;20230518;   10;   8.2;   2.2;    9;   0.0;   0;   10.500;   0;   5.5;   7.2; 1027.40;   10.1;   60.00;   15.8;    5.0;    0.8;eor
       1975;20230519;   10;  10.8;   3.7;    9;   0.0;   0;   10.100;   0;   6.7;   8.9; 1026.30;   12.3;   64.00;   18.9;    3.9;    0.6;eor
       1975;20230520;   10;  11.3;   4.6;    9;   0.0;   0;    5.300;   0;   7.5;  10.6; 1023.80;   13.0;   71.00;   16.7;    8.3;    6.4;eor
       1975;20230521;   10;   8.7;   4.2;    9;   0.0;   0;    6.500;   0;   7.5;  14.9; 1017.40;   17.5;   74.00;   24.2;   10.2;    9.0;eor
       1975;20230522;   10;  13.4;   4.3;    9;   9.0;   6;    6.500;   0;   7.8;  14.8; 1013.30;   19.7;   68.00;   27.6;   14.3;   12.0;eor
       1975;20230523;   10;  14.9;   6.1;    9;   0.3;   6;    1.400;   0;   7.5;  12.2; 1014.40;   12.7;   82.00;   15.7;    9.3;    8.3;eor
       1975;20230524;   10;   8.2;   3.7;    9;   0.0;   6;    3.000;   0;   6.7;  10.9; 1019.80;   12.0;   78.00;   16.1;    7.9;    4.7;eor
       1975;20230525;   10;   9.6;   3.8;    9;   0.0;   0;   13.300;   0;   1.5;  10.6; 1024.40;   12.8;   74.00;   18.7;    7.2;    4.4;eor
       1975;20230526;   10;  10.3;   3.9;    9;   0.0;   0;   12.700;   0;   1.9;   9.2; 1027.80;   11.1;   70.00;   16.1;    3.8;    0.6;eor
       1975;20230527;   10;   5.1;   1.4;    9;   0.0;   0;   14.000;   0;   0.9;  10.4; 1025.10;   13.7;   70.00;   21.1;    4.1;    0.3;eor
       1975;20230528;   10;   9.6;   2.7;    9;   0.0;   0;   12.000;   0;   3.8;  10.7; 1020.10;   15.5;   64.00;   22.4;    7.1;    4.6;eor
       1975;20230529;   10;   9.8;   4.1;    9;   0.0;   0;   14.500;   0;   5.0;   9.1; 1022.50;   13.1;   62.00;   19.7;    6.6;    5.1;eor
       1975;20230530;   10;   7.7;   2.2;    9;   0.0;   0;    4.400;   0;   6.0;  10.3; 1024.90;   12.0;   75.00;   18.3;    6.5;    2.4;eor
       1975;20230531;   10;  11.3;   3.6;    9;   0.0;   0;   14.900;   0;   4.0;  11.0; 1023.30;   14.1;   70.00;   22.1;    4.5;   -0.2;eor
       1975;20230601;   10;  12.7;   5.9;    9;   0.0;   0;    4.400;   0;   7.4;  10.4; 1018.30;   12.1;   74.00;   15.3;    9.7;    7.9;eor
       1975;20230602;   10;  12.3;   4.1;    9;   0.0;   6;    9.800;   0;   4.0;   9.5; 1020.20;   13.6;   64.00;   19.3;    8.4;    5.6;eor
       1975;20230603;   10;   8.4;   2.5;    9;   0.0;   0;   15.400;   0;   0.8;   8.1; 1022.30;   14.1;   54.00;   20.7;    4.2;   -0.8;eor
       1975;20230604;   10;   8.2;   2.6;    9;   0.0;   0;   15.100;   0;   0.8;   9.4; 1021.30;   14.3;   61.00;   21.5;    4.7;    0.9;eor
       1975;20230605;   10;   8.1;   2.1;    9;   0.0;   0;   13.600;   0;   1.0;  11.6; 1020.40;   16.5;   66.00;   25.1;    5.5;    1.8;eor
       1975;20230606;   10;   9.4;   2.9;    9;   0.0;   0;   15.100;   0;   0.5;  12.1; 1019.00;   17.9;   63.00;   26.1;    7.8;    3.3;eor
       1975;20230607;   10;   8.1;   3.0;    9;   0.0;   0;   12.600;   0;   1.0;  12.2; 1018.70;   15.9;   71.00;   24.0;    8.7;    6.0;eor
       1975;20230608;   10;   8.2;   2.7;    9;   0.0;   0;   11.900;   0;   2.0;  12.1; 1016.70;   17.5;   66.00;   26.3;    9.0;    8.3;eor
       1975;20230609;   10;  11.3;   3.7;    9;   0.0;   0;   15.400;   0;   4.6;  12.0; 1016.30;   19.0;   60.00;   27.6;   10.1;    5.7;eor
       1975;20230610;   10;  10.6;   4.6;    9;   0.0;   0;   15.200;   0;   1.0;  14.2; 1017.60;   19.0;   66.00;   26.5;   11.5;    9.7;eor
       1975;20230611;   10;  11.3;   4.6;    9;   0.0;   0;   14.600;   0;   2.5;  11.7; 1018.70;   19.8;   53.00;   27.8;   12.4;   11.0;eor
       1975;20230612;   10;  12.9;   4.4;    9;   0.0;   0;   13.900;   0;   0.3;  10.2; 1017.60;   21.3;   44.00;   28.3;   13.2;   10.6;eor
       1975;20230613;   10;  14.4;   4.5;    9;   0.0;   0;   15.400;   0;   0.2;  11.2; 1016.20;   18.0;   56.00;   25.6;   10.0;    3.1;eor
       1975;20230614;   10;  13.2;   3.8;    9;   0.0;   0;   14.400;   0;   1.5;  11.6; 1018.50;   18.6;   57.00;   25.3;   10.8;    6.4;eor
       1975;20230615;   10;  10.6;   3.3;    9;   0.0;   6;    9.800;   0;   5.3;  10.9; 1017.80;   18.4;   54.00;   24.9;    8.5;    3.8;eor
       1975;20230616;   10;  10.6;   3.3;    9;   0.2;   6;    4.500;   0;   6.9;  14.9; 1014.50;   17.6;   74.00;   21.0;   13.5;    9.3;eor
       1975;20230617;   10;   7.7;   2.0;    9;  -999;   6;    4.400;   0;   5.5;  15.9; 1012.70;   17.8;   80.00;   26.0;   12.3;    8.7;eor
       1975;20230618;   10;   6.5;   1.9;    9;   0.0;   6;   14.500;   0;   2.3;  14.0; 1012.20;   21.1;   60.00;   28.5;   10.2;    7.0;eor
       1975;20230619;   10;  10.1;   3.6;    9;   0.1;   6;    5.600;   0;   6.2;  16.5; 1010.40;   21.9;   63.00;   28.4;   14.7;   10.2;eor
       1975;20230620;   10;  14.4;   2.8;    9;  -999;   6;    9.500;   0;   6.8;  16.0; 1011.50;   21.5;   65.00;   28.2;   12.6;    8.9;eor
       1975;20230621;   10;  11.3;   4.1;    9;   0.0;   0;   11.200;   0;   4.5;  17.9; 1013.60;   20.7;   75.00;   25.5;   15.5;   12.7;eor
       1975;20230622;   10;  10.3;   2.7;    9;  28.8;   6;    6.100;   0;   6.5;  16.0; 1016.30;   20.6;   68.00;   27.2;   13.7;   11.7;eor
       1975;20230623;   10;  11.8;   3.8;    9;   1.5;   6;    4.000;   0;   6.8;  17.1; 1017.80;   18.5;   81.00;   23.5;   15.4;   13.3;eor
       1975;20230624;   10;   8.2;   2.3;    9;   0.0;   0;   10.600;   0;   4.8;  15.9; 1021.50;   19.8;   71.00;   26.2;   11.4;    7.7;eor
       1975;20230625;   10;   6.2;   1.8;    9;   0.0;   0;    9.400;   0;   2.6;  17.8; 1016.60;   23.0;   66.00;   28.6;   15.0;   11.9;eor
       1975;20230626;   10;  18.0;   5.2;    9;   3.8;   6;   10.400;   0;   3.3;  17.0; 1011.90;   20.3;   71.00;   27.4;   14.5;   12.3;eor
       1975;20230627;   10;  18.9;   5.1;    9;  15.3;   6;    7.300;   0;   4.2;  13.9; 1014.40;   16.3;   76.00;   20.8;   12.9;   10.8;eor
       1975;20230628;   10;   9.1;   3.4;    9;   0.0;   0;    8.800;   0;   4.4;  14.6; 1015.10;   18.1;   72.00;   23.6;   12.1;    9.9;eor
       1975;20230629;   10;   9.4;   3.0;    9;   4.2;   6;    1.300;   0;   7.8;  18.6; 1011.90;   20.0;   79.00;   23.4;   17.0;   16.6;eor
       1975;20230630;   10;   8.7;   2.9;    9;   0.0;   6;    6.700;   0;   6.5;  14.6; 1009.20;   17.9;   73.00;   22.4;   15.0;   13.6;eor
       1975;20230701;   10;  11.1;   5.0;    9;   6.7;   6;    0.200;   0;   7.7;  16.1; 1001.30;   16.7;   85.00;   18.0;   14.4;   12.3;eor
       1975;20230702;   10;  17.7;   6.7;    9;   0.8;   6;    8.400;   0;   5.0;  12.4; 1003.30;   16.7;   66.00;   20.3;   13.9;   12.2;eor
       1975;20230703;   10;  14.6;   5.3;    9;   2.0;   6;    3.600;   0;   6.8;  12.3; 1005.20;   15.3;   71.00;   19.2;   12.8;   11.2;eor
       1975;20230704;   10;  15.6;   4.8;    9;  12.7;   6;    6.300;   0;   6.2;  13.1; 1008.60;   14.0;   83.00;   19.9;   11.2;    9.1;eor
       1975;20230705;   10;  20.6;   7.9;    9;   4.8;   6;    2.000;   0;   7.2;  12.9; 1005.70;   15.2;   75.00;   19.3;   12.1;   10.2;eor
       1975;20230706;   10;  10.8;   3.8;    9;   0.0;   6;    9.400;   0;   3.8;  12.4; 1014.90;   15.9;   70.00;   21.1;   11.0;    8.9;eor
       1975;20230707;   10;   8.1;   2.6;    9;   0.0;   0;   14.600;   0;   0.2;  13.2; 1019.70;   19.7;   61.00;   26.4;   11.2;    8.0;eor
       1975;20230708;   10;   8.6;   3.2;    9;   0.0;   0;   15.400;   0;   0.6;  14.5; 1018.90;   21.8;   58.00;   30.0;   12.7;    9.7;eor
       1975;20230709;   10;  14.9;   4.0;    9;   1.8;   6;   11.900;   0;   4.3;  15.9; 1018.00;   24.3;   54.00;   31.8;   17.2;   14.8;eor
       1975;20230710;   10;  11.8;   3.8;    9;   1.0;   6;    8.900;   0;   5.7;  17.6; 1016.80;   20.3;   75.00;   24.2;   14.2;   10.7;eor
       1975;20230711;   10;  12.0;   4.0;    9;   4.5;   6;   11.600;   0;   6.5;  16.7; 1011.60;   22.5;   64.00;   30.1;   13.7;   10.4;eor
       1975;20230712;   10;  14.7;   4.1;    9;   6.4;   6;    3.200;   0;   7.5;  17.9; 1007.30;   18.2;   86.00;   22.9;   14.6;   13.5;eor
       1975;20230713;   10;  16.1;   3.9;    9;   5.3;   6;    7.700;   0;   4.1;  15.5; 1012.70;   16.8;   82.00;   22.2;   13.0;    9.9;eor
       1975;20230714;   10;   8.2;   2.8;    9;   0.0;   6;    7.900;   0;   4.5;  15.1; 1013.20;   19.1;   70.00;   23.9;   11.5;    8.2;eor
       1975;20230715;   10;  18.3;   5.8;    9;   0.3;   6;    9.200;   0;   6.1;  16.9; 1004.80;   23.9;   57.00;   31.1;   17.5;   15.9;eor
       1975;20230716;   10;  16.3;   5.9;    9;   0.0;   6;    8.200;   0;   6.5;  15.4; 1009.80;   20.1;   67.00;   23.7;   16.4;   13.1;eor
       1975;20230717;   10;  14.6;   4.8;    9;   4.0;   6;    5.800;   0;   6.0;  14.3; 1014.60;   17.0;   75.00;   21.8;   11.9;   10.5;eor
       1975;20230718;   10;   9.4;   3.1;    9;   1.4;   6;    7.400;   0;   6.3;  14.8; 1016.20;   16.4;   81.00;   22.4;   11.6;   10.0;eor
       1975;20230719;   10;   7.7;   2.1;    9;   1.7;   6;    2.800;   0;   7.7;  14.7; 1010.70;   15.9;   81.00;   20.0;   12.5;   10.3;eor
       1975;20230720;   10;  12.5;   4.1;    9;   1.0;   6;   10.900;   0;   5.0;  13.6; 1011.10;   16.0;   76.00;   19.8;   12.2;    9.9;eor
       1975;20230721;   10;  14.6;   2.7;    9;   3.0;   6;    8.400;   0;   6.5;  13.2; 1008.80;   16.1;   74.00;   21.6;   10.5;    7.0;eor
       1975;20230722;   10;  11.3;   3.8;    9;   7.8;   6;    5.600;   0;   6.5;  14.2; 1009.90;   15.1;   84.00;   20.2;   11.9;   10.6;eor
       1975;20230723;   10;  12.3;   5.0;    9;   8.2;   6;    0.500;   0;   7.8;  16.9; 1004.50;   16.3;   91.00;   18.7;   13.5;   12.9;eor
       1975;20230724;   10;  19.4;   4.2;    9;   8.4;   6;    3.300;   0;   7.2;  17.3;  999.40;   18.2;   83.00;   24.3;   13.8;   12.6;eor
       1975;20230725;   10;  12.7;   4.3;    9;   1.3;   6;    9.800;   0;   3.4;  13.3; 1003.00;   15.3;   77.00;   19.4;   11.7;   10.0;eor
       1975;20230726;   10;  14.2;   4.1;    9;   0.4;   6;    7.600;   0;   6.5;  12.8; 1007.70;   14.8;   76.00;   19.6;   10.5;    9.1;eor
       1975;20230727;   10;  10.5;   3.5;    9;   4.2;   6;    0.500;   0;   7.4;  15.2; 1003.90;   15.1;   88.00;   17.9;   10.9;    7.9;eor
       1975;20230728;   10;   6.2;   1.6;    9;   3.1;   6;    1.700;   0;   7.5;  17.7; 1003.10;   18.1;   86.00;   22.3;   15.4;   13.8;eor
       1975;20230729;   10;  18.9;   3.1;    9;   2.1;   6;    4.400;   0;   6.5;  18.6; 1004.20;   18.8;   87.00;   24.1;   15.3;   13.1;eor
       1975;20230730;   10;  17.3;   3.8;    9;   7.8;   6;    6.100;   0;   6.4;  16.2; 1006.60;   16.6;   86.00;   21.9;   13.8;   12.2;eor
       1975;20230731;   10;   9.6;   3.8;    9;  43.1;   6;    0.000;   0;   7.6;  17.1; 1002.10;   15.9;   94.00;   17.7;   14.5;   13.1;eor
       1975;20230801;   10;  10.6;   4.3;    3;  10.0;   6;    3.400;   0;   7.1;  16.9;  994.50;   16.6;   90.00;   19.6;   14.8;   14.2;eor
       1975;20230802;   10;  11.1;   4.6;    3;  10.6;   6;    1.600;   0;   7.6;  16.9;  992.70;   16.7;   89.00;   19.4;   14.6;   13.3;eor
       1975;20230803;   10;  10.1;   4.4;    3;   5.9;   6;    3.700;   0;   6.6;  17.6;  993.20;   17.5;   88.00;   21.5;   15.5;   14.5;eor
       1975;20230804;   10;  11.1;   3.7;    3;   2.9;   6;    5.400;   0;   5.5;  15.5; 1009.00;   16.9;   81.00;   20.9;   11.4;    9.2;eor
       1975;20230805;   10;   8.6;   2.7;    3;   1.5;   6;    8.400;   0;   6.7;  13.5; 1010.90;   17.4;   70.00;   22.1;   11.8;    9.7;eor
       1975;20230806;   10;   7.2;   2.4;    3;   1.0;   6;    0.000;   0;   7.9;  16.0; 1003.90;   15.9;   89.00;   18.6;   14.4;   13.7;eor
       1975;20230807;   10;  22.6;   7.3;    3;   5.1;   6;    3.800;   0;   7.3;  13.1; 1004.60;   15.4;   75.00;   18.2;   12.1;   11.2;eor
       1975;20230808;   10;  20.2;   6.7;    3;   4.4;   6;    5.500;   0;   5.6;  12.9; 1005.60;   13.9;   82.00;   17.3;   11.9;    9.9;eor
       1975;20230809;   10;  14.6;   4.9;    3;   1.3;   6;    8.600;   0;   4.8;  12.5; 1011.70;   14.3;   77.00;   19.3;   10.1;    7.4;eor
       1975;20230810;   10;   8.6;   3.0;    3;   0.0;   0;    9.000;   0;   3.3;  12.0; 1018.60;   14.9;   73.00;   20.3;    9.3;    6.7;eor
       1975;20230811;   10;   7.2;   2.2;    3;   0.2;   6;    5.600;   0;   6.5;  16.7; 1018.10;   19.3;   75.00;   26.4;   10.3;    8.3;eor
       1975;20230812;   10;  13.2;   2.2;    3;   5.5;   6;    0.300;   0;   6.3;  19.7; 1013.50;   19.0;   89.00;   21.6;   13.5;   10.9;eor
       1975;20230813;   10;   9.6;   2.9;    3;   0.0;   0;    7.900;   0;   4.9;  16.7; 1014.60;   18.5;   80.00;   24.1;   13.7;   10.9;eor
       1975;20230814;   10;   6.7;   1.9;    3;   0.0;   6;   11.100;   0;   5.3;  17.5; 1013.20;   20.6;   74.00;   27.2;   12.8;   11.0;eor
       1975;20230815;   10;  10.3;   3.1;    3;   1.4;   6;    6.200;   0;   6.3;  20.1; 1013.30;   21.1;   81.00;   25.5;   15.3;   12.7;eor
       1975;20230816;   10;   6.7;   2.2;    3;   8.9;   6;    8.800;   0;   5.3;  15.8; 1019.70;   18.3;   77.00;   23.1;   12.5;    9.7;eor
       1975;20230817;   10;  10.3;   3.4;    3;  14.4;   6;    0.000;   0;   7.8;  16.6; 1019.80;   16.5;   88.00;   17.4;   15.2;   14.7;eor
       1975;20230818;   10;   7.7;   3.3;    3;   0.0;   0;    7.500;   0;   5.5;  20.1; 1016.80;   20.0;   86.00;   25.7;   16.1;   15.2;eor
       1975;20230819;   10;  10.1;   3.7;    3;   0.3;   6;    6.700;   0;   6.1;  22.8; 1015.00;   23.0;   82.00;   28.7;   18.0;   16.2;eor
       1975;20230820;   10;   7.7;   2.5;    3;   0.0;   0;    9.400;   0;   2.9;  18.4; 1020.10;   19.7;   82.00;   25.5;   13.4;   10.5;eor
       1975;20230821;   10;   8.7;   2.2;    3;   0.0;   0;   12.800;   0;   1.6;  16.0; 1021.00;   18.7;   77.00;   24.3;   13.1;   10.8;eor
       1975;20230822;   10;   6.7;   2.2;    3;   0.0;   0;   11.200;   0;   4.4;  15.7; 1017.80;   19.7;   70.00;   25.6;   14.5;   11.9;eor
       1975;20230823;   10;   8.2;   2.3;    3;   0.0;   6;    8.800;   0;   4.5;  17.0; 1017.40;   18.9;   79.00;   24.4;   12.7;   10.3;eor
       1975;20230824;   10;   7.0;   1.9;    3;   0.1;   6;    9.600;-999;   5.9;  17.5; 1013.30;   20.4;   75.00;   24.9;   13.9;   11.8;eor
       1975;20230825;   10;   7.9;   3.0;    3;   0.4;   6;    0.200;-999;   6.8;  20.9; 1005.70;   20.4;   87.00;   22.4;   17.8;   15.5;eor
       1975;20230826;   10;  10.8;   3.5;    3;   0.0;   6;    6.500;-999;   5.3;  16.5; 1007.20;   17.9;   81.00;   20.9;   13.5;   10.3;eor
       1975;20230827;   10;  13.2;   2.7;    3;   5.4;   6;    4.600;-999;   5.7;  14.7; 1006.70;   15.2;   85.00;   20.1;   11.2;    9.8;eor
       1975;20230828;   10;   9.4;   3.8;    3;   0.0;   6;    8.400;-999;   5.1;  14.0; 1008.50;   15.5;   81.00;   20.8;   10.3;    7.2;eor
       1975;20230829;   10;   6.5;   1.6;    3;   0.0;   0;    6.800;-999;   7.5;  13.2; 1008.90;   14.1;   84.00;   20.3;    7.5;    5.8;eor
       1975;20230830;   10;   8.2;   2.6;    3;   1.6;   6;    3.700;-999;   7.2;  14.0; 1004.20;   15.5;   81.00;   20.3;   11.0;    8.6;eor
       1975;20230831;   10;  12.2;   4.2;    3;   0.3;   6;    8.300;-999;   5.1;  12.9; 1005.70;   13.9;   82.00;   17.7;   10.6;    9.0;eor
       1975;20230901;   10;   7.5;   2.7;    3;   0.0;   4;   10.567;-999;   3.5;  13.3; 1011.61;   15.1;   79.42;   19.9;    9.4;    5.6;eor
       1975;20230902;   10;   7.7;   1.8;    3;   0.0;   0;   11.100;-999;   2.2;  13.3; 1018.97;   15.1;   79.50;   22.6;    7.3;    4.1;eor
       1975;20230903;   10;   8.2;   2.4;    3;   0.0;   0;    7.883;-999;   6.5;  14.8; 1025.28;   15.9;   83.21;   20.5;   11.0;    7.7;eor
       1975;20230904;   10;   6.7;   1.5;    3;   0.0;   0;   12.433;-999;   1.0;  14.6; 1025.77;   17.3;   76.50;   24.4;    9.6;    5.9;eor
       1975;20230905;   10;   5.1;   1.6;    3;   0.0;   0;   12.417;-999;   4.2;  17.2; 1020.43;   20.5;   74.13;   30.1;   11.6;    8.6;eor
       1975;20230906;   10;  10.3;   2.4;    3;   0.0;   0;   12.150;-999;   0.3;  18.4; 1020.62;   22.3;   71.42;   29.8;   14.2;   11.6;eor
       1975;20230907;   10;  10.1;   3.2;    3;   0.0;   0;   12.083;-999;   4.5;  17.6; 1021.47;   21.6;   71.46;   28.2;   15.5;   12.1;eor
       1975;20230908;   10;   8.7;   3.3;    3;   0.0;   0;   12.017;-999;   1.0;  16.1; 1017.55;   21.8;   63.71;   29.3;   14.0;   10.0;eor
       1975;20230909;   10;   5.7;   1.8;    3;   0.0;   0;   11.967;-999;   2.0;  17.8; 1015.00;   21.6;   71.83;   30.5;   14.4;    9.4;eor
       1975;20230910;   10;   6.2;   2.0;    3;   0.0;   0;    7.067;-999;   4.2;  18.7; 1015.93;   18.8;   87.54;   24.8;   14.3;   11.0;eor
       1975;20230911;   10;   6.7;   2.0;    3;   0.9;   6;   11.183;-999;   4.2;  18.9; 1011.49;   21.3;   76.83;   29.8;   13.9;   11.0;eor
       1975;20230912;   10;   6.0;   2.0;    3;  11.6;   6;    2.133;-999;   7.3;  20.5; 1010.95;   19.3;   91.75;   21.9;   15.0;   13.2;eor
       1975;20230913;   10;   8.6;   2.9;    3;   3.3;   6;    2.167;   0;   5.3;  15.0; 1013.94;   14.4;   90.21;   17.6;    7.7;    4.8;eor
       1975;20230914;   10;   6.7;   1.3;    3;   0.0;   4;    7.783;   0;   4.9;  11.2; 1021.12;   12.2;   80.67;   19.1;    5.4;    2.1;eor
       1975;20230915;   10;  11.7;   3.2;    3;   0.0;   0;   11.000;   0;   1.9;  12.7; 1019.16;   15.3;   74.88;   21.8;    7.8;    4.3;eor
       1975;20230916;   10;   8.2;   3.3;    3;   0.0;   0;   10.733;   0;   3.3;  15.1; 1014.35;   18.5;   72.75;   25.0;   13.0;    9.8;eor
       1975;20230917;   10;   8.7;   2.8;    3;   0.0;   6;    3.933;   0;   7.4;  17.0; 1012.60;   19.0;   78.75;   24.6;   11.1;    9.4;eor
       1975;20230918;   10;  12.9;   5.2;    3;   1.8;   6;    2.600;   0;   7.0;  17.8; 1003.23;   20.0;   76.08;   23.8;   16.5;   14.1;eor
       1975;20230919;   10;  18.2;   8.3;    3;   0.1;   6;    3.350;   0;   6.9;  13.8; 1004.01;   16.9;   72.17;   19.1;   13.7;   12.3;eor
       1975;20230920;   10;  13.4;   6.7;    3;   0.0;   0;    6.433;   0;   6.9;  15.6; 1004.33;   19.6;   68.71;   24.1;   16.3;   14.9;eor
       1975;20230921;   10;  12.2;   5.3;    3;   0.9;   6;    6.317;   0;   6.0;  16.1;  997.90;   20.0;   70.17;   26.5;   15.2;   13.1;eor
       1975;20230922;   10;  11.3;   4.4;    3;   1.9;   6;    3.983;   0;   6.2;  14.2;  999.35;   15.8;   80.00;   19.9;   10.0;    5.8;eor
       1975;20230923;   10;  12.0;   3.5;    3;   0.3;   6;    2.667;   0;   5.5;  13.4; 1010.16;   13.3;   88.50;   17.4;    9.5;    6.7;eor
       1975;20230924;   10;   8.7;   2.6;    3;   0.0;   0;    9.000;   0;   1.9;  12.6; 1023.31;   13.0;   84.83;   17.8;    7.1;    3.2;eor
       1975;20230925;   10;  11.3;   4.2;    3;   0.0;   0;    7.867;   0;   4.5;  11.7; 1022.65;   14.5;   73.25;   20.9;    9.3;    4.9;eor
       1975;20230926;   10;   7.4;   2.2;    3;   0.0;   0;    8.183;   0;   6.0;  13.2; 1020.27;   15.3;   77.13;   22.6;    8.2;    4.3;eor
       1975;20230927;   10;   6.2;   2.0;    3;   0.0;   0;    8.133;   0;   5.5;  15.3; 1017.67;   17.8;   77.42;   24.4;   10.8;    6.7;eor
       1975;20230928;   10;   8.7;   2.8;    3;   0.0;   6;    6.550;   0;   6.1;  16.9; 1014.32;   18.2;   81.67;   23.3;   14.9;   12.6;eor
       1975;20230929;   10;  14.1;   3.8;    3;   0.1;   6;    1.350;   0;   6.3;  17.1; 1013.95;   18.2;   81.63;   23.8;   11.5;    8.2;eor
       1975;20230930;   10;  12.7;   3.7;    3;   0.0;   0;    7.117;   0;   6.0;  13.4; 1021.86;   14.6;   81.50;   18.9;   11.6;    9.0;eor
       1975;20231001;   10;   8.6;   3.0;    3;   1.5;   6;    0.150;   0;   8.0;  15.3; 1019.97;   15.4;   87.33;   17.9;   13.1;   11.4;eor
       1975;20231002;   10;   8.6;   2.7;    3;   0.0;   0;    4.317;   0;   7.0;  18.0; 1016.30;   18.5;   85.04;   23.0;   14.3;   12.1;eor
       1975;20231003;   10;  17.7;   5.9;    3;   4.0;   6;    1.633;   0;   7.2;  15.4; 1008.86;   15.9;   84.88;   21.8;   12.4;   10.7;eor
       1975;20231004;   10;  12.3;   5.8;    3;   0.4;   6;    4.500;   0;   6.8;  12.7; 1018.91;   14.4;   77.96;   18.0;   12.1;   10.8;eor
       1975;20231005;   10;  12.2;   4.9;    3;   7.7;   6;    6.250;   0;   6.2;  13.3; 1018.42;   14.3;   82.38;   17.8;   11.6;    8.7;eor
       1975;20231006;   10;  13.4;   6.4;    3;   9.8;   6;    0.000;   0;   7.8;  15.3; 1016.27;   14.8;   90.75;   17.5;   12.9;   11.7;eor
       1975;20231007;   10;  12.5;   4.0;    3;  15.9;   6;    0.000;   0;   7.5;  15.0; 1013.89;   13.4;   96.42;   16.6;   10.2;   10.0;eor
       1975;20231008;   10;   5.3;   1.8;    3;   2.6;   6;    6.050;   0;   7.0;  11.2; 1022.53;   11.6;   82.46;   15.3;    8.5;    6.7;eor
       1975;20231009;   10;   7.2;   3.0;    3;  -999;   6;    0.000;   0;   7.8;  13.4; 1015.37;   11.7;   95.92;   14.7;    9.1;    8.8;eor
       1975;20231010;   10;   8.9;   3.3;    3;  -999;   6;    1.267;   0;   7.8;  15.6; 1014.34;   15.4;   88.96;   18.7;   12.2;   11.4;eor
       1975;20231011;   10;  13.9;   5.9;    3;  -999;   6;    0.617;   0;   7.7;  15.8; 1006.70;   16.3;   84.96;   18.4;   13.6;   12.6;eor
       1975;20231012;   10;  10.8;   2.6;    3;  -999;   6;    5.600;   0;   6.9;  12.3; 1010.40;   12.4;   86.25;   15.9;    8.7;    6.3;eor
       1975;20231013;   10;  20.1;   7.0;    3;  -999;   6;    0.033;   0;   8.0;  17.1; 1001.09;   17.1;   87.38;   21.0;   12.1;   11.4;eor
       1975;20231014;   10;  21.3;   5.6;    3;  -999;   6;    5.033;   0;   5.5;  10.9; 1003.44;   10.8;   83.17;   17.1;    6.3;    5.5;eor
       1975;20231015;   10;  12.3;   4.3;    3;  -999;   6;    3.950;   0;   5.8;   9.1; 1013.47;    6.8;   91.33;   10.0;    5.4;    3.1;eor
       1975;20231016;   10;   8.2;   2.6;    3;   0.0;   6;    3.400;   0;   7.5;   9.2; 1018.71;    7.6;   88.79;   11.5;    4.5;    2.1;eor
       1975;20231017;   10;   5.0;   1.1;    3;   0.0;   0;    4.300;   0;   4.7;   8.8; 1019.37;    7.7;   85.13;   13.2;    1.7;   -0.9;eor
       1975;20231018;   10;  13.2;   3.7;    3;   1.3;   6;    8.317;   0;   4.8;   7.7; 1011.17;    6.8;   79.29;   11.7;    0.8;   -1.7;eor
       1975;20231019;   10;  12.9;   6.3;    3;   7.8;   6;    0.000;   0;   7.6;   9.0;  997.02;    7.5;   87.08;    8.5;    6.6;    5.9;eor
       1975;20231020;   10;  19.0;   8.3;    3;  21.9;   6;    0.000;   0;   7.8;   8.9;  989.27;    6.3;   92.75;    7.3;    5.6;    5.2;eor
       1975;20231021;   10;   9.3;   3.4;    3;   5.7;   6;    1.217;   0;   5.2;  10.8;  993.83;    8.4;   97.21;   12.3;    5.7;    4.6;eor
       1975;20231022;   10;  11.8;   4.2;    3;   0.0;   6;    1.400;   0;   4.8;  11.0; 1003.84;   10.4;   87.17;   13.7;    7.5;    3.5;eor
       1975;20231023;   10;   6.2;   2.2;    3;   0.7;   6;    7.183;   0;   4.9;  10.1; 1011.34;    9.0;   88.75;   14.5;    4.2;    0.7;eor
       1975;20231024;   10;   8.2;   3.5;    3;   0.2;   6;    0.000;   0;   7.5;  12.3; 1002.42;   10.9;   94.21;   12.6;    7.5;    4.0;eor
       1975;20231025;   10;   8.1;   3.3;    3;   0.0;   0;    5.883;   0;   5.0;  11.0;  997.87;    9.8;   91.46;   14.5;    5.7;    2.2;eor
       1975;20231026;   10;   8.1;   3.3;    3;   0.0;   6;    0.050;   0;   7.9;  10.9;  994.35;   10.0;   88.92;   11.9;    8.9;    8.1;eor
       1975;20231027;   10;   7.2;   3.5;    3;   3.1;   6;    0.000;   0;   7.8;  10.5;  993.44;    8.9;   91.88;   10.0;    7.9;    7.3;eor
       1975;20231028;   10;   8.7;   3.5;    3;   7.0;   6;    0.000;   0;   7.8;  11.2;  996.72;    9.1;   96.00;   10.9;    7.6;    7.3;eor
       1975;20231029;   10;  14.4;   5.9;    3;   1.9;   6;    4.267;   0;   6.7;  12.2;  992.59;   12.3;   85.29;   16.4;    8.9;    8.1;eor
       1975;20231030;   10;  12.9;   5.2;    3;   6.1;   6;    5.550;   0;   6.0;  11.7;  997.15;   12.2;   82.46;   14.8;   10.2;    8.5;eor
       1975;20231031;   10;  14.6;   3.7;    3;  10.2;   6;    0.283;   0;   6.8;  10.9;  995.90;    8.6;   95.38;   12.1;    3.2;    1.1;eor
       1975;20231101;   10;   9.3;   4.2;    3;   0.6;   6;    0.000;   0;   7.9;  10.9;  999.66;    9.4;   90.79;   12.6;    5.1;    4.9;eor
       1975;20231102;   10;  15.8;   7.3;    3;   0.0;   6;    0.267;   0;   7.1;  10.3;  983.83;   11.3;   77.13;   13.0;    8.6;    6.4;eor
       1975;20231103;   10;  14.7;   6.5;    3;   0.0;   0;    1.667;   0;   5.9;   9.4;  981.63;    9.9;   76.38;   11.9;    7.5;    5.9;eor
       1975;20231104;   10;  13.2;   6.3;    3;   2.1;   6;    0.783;   0;   5.8;   8.5;  981.06;    8.4;   77.54;   11.5;    5.2;    2.6;eor
       1975;20231105;   10;  11.3;   4.1;    3;   4.8;   6;    0.000;   0;   7.8;  11.2;  975.54;    9.5;   94.04;   11.2;    7.8;    6.7;eor
       1975;20231106;   10;  14.1;   6.5;    3;   0.3;   6;    0.500;   0;   6.5;  10.3;  994.67;    9.9;   83.71;   11.6;    8.2;    6.5;eor
       1975;20231107;   10;  11.8;   6.0;    3;   0.5;   6;    0.850;   0;   6.9;  10.1; 1004.33;    9.4;   85.92;   11.7;    7.3;    5.8;eor
       1975;20231108;   10;  14.6;   6.4;    3;   1.8;   6;    1.583;   0;   7.5;   9.6; 1005.95;    9.2;   82.00;   11.4;    7.9;    6.9;eor
       1975;20231109;   10;  10.8;   5.4;    3;   2.8;   6;    0.000;   0;   7.7;  10.6;  998.11;    9.2;   91.08;   11.3;    7.4;    5.7;eor
       1975;20231110;   10;  11.8;   5.2;    3;   0.1;   6;    0.167;   0;   7.7;   9.1;  994.68;    8.0;   84.50;    9.5;    6.7;    6.0;eor
       1975;20231111;   10;   5.1;   2.3;    3;   0.4;   6;    0.000;   0;   7.3;   9.3;  998.43;    7.2;   91.21;    8.6;    4.1;    1.5;eor
       1975;20231112;   10;   7.9;   3.4;    3;   1.0;   6;    0.100;   0;   6.9;   9.1; 1003.67;    6.6;   93.38;    8.4;    3.5;    1.6;eor
       1975;20231113;   10;  13.4;   4.4;    3;   9.4;   6;    3.750;   0;   5.9;   8.6; 1000.02;    5.9;   91.88;   10.9;    1.1;   -2.4;eor
       1975;20231114;   10;  19.5;   7.0;    3;   2.6;   6;    0.483;   0;   7.5;  10.8;  993.81;   10.5;   85.17;   12.5;    7.0;    5.8;eor
       1975;20231115;   10;  10.1;   3.7;    3;   0.7;   6;    3.017;   0;   7.5;   9.1; 1006.91;    7.9;   85.33;    9.8;    6.1;    4.9;eor
       1975;20231116;   10;  19.2;   6.0;    3;   0.0;   0;    0.100;   0;   7.8;   7.6; 1008.77;    5.8;   81.04;    9.2;    3.5;    2.7;eor
       1975;20231117;   10;  10.6;   4.3;    3;   0.0;   0;    0.000;   0;   7.8;   6.8; 1015.98;    4.0;   83.42;    5.3;    3.2;    1.8;eor
       1975;20231118;   10;  13.0;   4.0;    3;   8.0;   6;    3.550;   0;   7.4;   7.5; 1019.08;    4.7;   87.50;    6.7;    2.1;    0.3;eor
       1975;20231119;   10;  11.3;   4.8;    3;   7.6;   6;    0.417;   0;   7.5;  11.1; 1002.31;    9.4;   93.17;   12.6;    5.1;    4.7;eor
       1975;20231120;   10;   6.7;   1.5;    3;   7.9;   6;    0.000;   0;   7.8;  11.7; 1003.67;    9.7;   97.54;   11.2;    7.8;    6.0;eor
       1975;20231121;   10;   9.4;   2.9;    3;   0.1;   6;    0.000;   0;   7.6;   8.1; 1017.11;    5.5;   89.13;    8.1;    1.1;   -1.4;eor
       1975;20231122;   10;  13.2;   3.7;    3;   0.7;   6;    0.000;   0;   6.5;   5.6; 1024.87;    1.5;   83.25;    5.5;   -2.8;   -5.1;eor
       1975;20231123;   10;  20.6;   8.2;    3;   7.3;   6;    0.000;   0;   7.5;  10.6; 1007.00;    9.3;   88.79;   12.1;    5.5;    3.8;eor
       1975;20231124;   10;  14.9;   5.7;    3;   4.9;   8;    0.683;   0;   5.7;   6.6;  999.14;    3.8;   82.29;    6.6;    1.2;   -1.1;eor
       1975;20231125;   10;  13.0;   3.2;    3;   1.0;   8;    3.650;   0;   4.9;   6.1; 1004.69;    1.9;   86.63;    5.8;   -1.3;   -3.6;eor
       1975;20231126;   10;   4.1;   1.5;    3;   0.7;   8;    0.000;   0;   6.4;   5.6; 1010.15;    0.1;   90.08;    2.2;   -3.8;   -6.2;eor
       1975;20231127;   10;  11.8;   4.8;    3;   3.9;   8;    0.000;   0;   7.7;   6.3; 1002.27;    1.3;   92.67;    2.4;   -0.1;   -0.9;eor
       1975;20231128;   10;  11.1;   3.6;    3;   3.7;   8;    0.183;   0;   7.3;   4.6; 1002.05;   -1.1;   81.71;    0.4;   -4.2;   -6.0;eor
       1975;20231129;   10;  10.1;   3.9;    3;   2.9;   8;    0.000;-999;   7.6;   5.3;  997.20;   -1.0;   92.71;    1.1;   -5.0;   -5.9;eor
       1975;20231130;   10;   5.1;   1.4;    3;   0.0;   7;    0.367;-999;   6.5;   4.4; 1001.75;   -3.0;   89.21;   -0.7;   -6.2;   -8.1;eor
       1975;20231201;   10;   4.1;   1.6;    3;   1.3;   8;    5.017;-999;   6.0;   4.3; 1005.88;   -3.5;   90.46;    0.1;   -8.5;   -8.0;eor
       1975;20231202;   10;   5.1;   1.6;    3;   0.2;   8;    0.300;-999;   7.9;   5.1; 1010.32;   -1.5;   93.58;    0.7;   -2.4;   -3.8;eor
       1975;20231203;   10;   6.7;   2.3;    3;   0.0;   0;    1.650;-999;   7.2;   5.1; 1018.18;   -1.5;   93.17;    0.6;   -3.8;   -5.3;eor
       1975;20231204;   10;   9.8;   4.7;    3;   1.8;   8;    0.000;-999;   7.0;   4.7; 1011.45;   -1.2;   84.42;   -0.2;   -2.6;   -4.8;eor
       1975;20231205;   10;   9.8;   4.9;    3;   4.6;   8;    0.000;   8;   7.7;   5.0; 1005.40;   -1.2;   90.04;   -0.4;   -2.3;   -2.8;eor
       1975;20231206;   10;   5.7;   2.1;    3;   0.0;   8;    0.000;  11;   8.0;   5.9; 1009.95;    0.0;   97.04;    0.4;   -0.6;   -0.7;eor
       1975;20231207;   10;   7.2;   2.0;    3;   0.0;   0;    0.250;   9;   7.8;   6.4; 1016.67;    0.9;   97.04;    2.3;    0.3;   -0.1;eor
       1975;20231208;   10;  10.1;   4.6;    3;   1.0;   8;    0.000;   5;   7.7;   5.9; 1009.51;    0.6;   91.79;    1.4;   -0.3;   -1.8;eor
       1975;20231209;   10;  13.7;   4.9;    3;   9.0;   6;    0.200;   4;   7.6;   7.6; 1002.95;    3.7;   95.79;    5.2;    1.0;    0.6;eor
       1975;20231210;   10;  11.7;   4.6;    3;  10.4;   6;    0.000;   0;   7.5;   9.4;  995.72;    6.9;   94.38;    8.5;    4.4;    3.5;eor
       1975;20231211;   10;   8.7;   3.3;    3;   9.1;   6;    0.000;   0;   7.8;  10.1;  994.90;    7.7;   95.63;    9.9;    5.9;    5.5;eor
       1975;20231212;   10;   9.3;   2.5;    3;   5.9;   6;    0.000;   0;   7.8;   8.9; 1003.12;    5.8;   96.38;    6.4;    5.3;    4.7;eor
       1975;20231213;   10;  10.6;   5.2;    3;   0.3;   6;    0.000;   0;   7.8;   7.8;  999.86;    4.4;   92.71;    5.7;    3.4;    2.9;eor
       1975;20231214;   10;   7.5;   2.6;    3;   0.0;   6;    0.000;   0;   7.6;   7.0; 1015.71;    3.2;   90.54;    4.5;   -0.6;   -3.6;eor
       1975;20231215;   10;   7.9;   3.5;    3;   0.1;   6;    0.000;   0;   7.8;   8.6; 1028.07;    5.7;   93.63;    7.9;    1.2;   -0.3;eor
       1975;20231216;   10;  12.0;   5.4;    3;   0.2;   6;    0.000;   0;   7.8;   9.4; 1031.72;    7.5;   90.63;    9.2;    6.1;    4.8;eor
       1975;20231217;   10;  14.6;   6.3;    3;   0.0;   6;    0.050;   0;   7.2;   9.8; 1028.48;    9.3;   83.29;    9.9;    7.8;    5.8;eor
       1975;20231218;   10;  13.0;   6.4;    3;   1.4;   6;    0.000;   0;   7.9;   9.6; 1023.37;    7.6;   91.88;    8.1;    7.3;    6.8;eor
       1975;20231219;   10;  12.3;   5.3;    3;   9.2;   6;    0.000;   0;   7.8;   9.8; 1012.43;    7.3;   95.29;    8.3;    5.3;    3.2;eor
       1975;20231220;   10;  17.1;   5.4;    3;  13.9;   6;    0.600;   0;   6.6;   8.0; 1003.27;    5.5;   88.29;    7.5;    3.6;    2.6;eor
       1975;20231221;   10;  23.0;   8.6;    3;  15.1;   6;    0.000;   0;   7.0;   9.0;  985.57;    7.8;   83.46;    9.9;    5.7;    4.0;eor
       1975;20231222;   10;  22.1;   8.3;    3;   3.3;   8;    1.433;   0;   5.8;   6.2;  990.30;    4.2;   76.21;    6.2;    2.2;    0.4;eor
       1975;20231223;   10;  13.5;   3.6;    3;  22.4;   8;    0.000;   0;   6.8;   6.9;  998.93;    3.0;   90.50;    4.1;    0.5;   -0.3;eor
       1975;20231224;   10;  20.6;   6.6;    3;   5.8;   6;    0.000;   0;   7.5;  11.2;  994.24;    9.6;   93.50;   12.7;    3.5;    3.3;eor
       1975;20231225;   10;  21.1;   6.9;    3;   4.4;   6;    3.933;   0;   6.5;   8.9;  998.68;    9.0;   77.79;   11.5;    6.1;    4.2;eor
       1975;20231226;   10;  16.6;   6.6;    3;   2.1;   6;    0.050;   0;   6.5;   8.8; 1004.80;    7.4;   85.17;    9.5;    4.0;    1.5;eor
       1975;20231227;   10;  13.2;   4.1;    3;   1.0;   6;    0.000;   0;   5.7;   7.2; 1014.43;    3.6;   90.67;    8.3;    0.5;   -2.1;eor
       1975;20231228;   10;  17.7;   9.0;    3;   4.3;   6;    0.000;   0;   7.5;   9.3; 1004.08;    9.6;   77.67;   11.4;    7.3;    5.6;eor
       1975;20231229;   10;  20.1;   7.0;    3;   3.7;   6;    0.983;   0;   7.2;   8.8; 1000.37;    8.6;   78.54;   10.0;    6.4;    5.1;eor
       1975;20231230;   10;  13.4;   4.6;    3;   6.8;   6;    0.050;   0;   7.5;   8.2; 1006.04;    6.0;   87.13;    7.3;    3.6;    0.3;eor
       1975;20231231;   10;  12.2;   5.2;    3;   0.5;   6;    0.150;   0;   7.7;   8.5; 1000.02;    6.7;   86.17;    8.1;    4.8;    3.3;eor
       1975;20240101;    3;  13.2;   5.7;    3;   4.4;   6;    0.000;   0;   7.1;   8.3;  999.15;    6.6;   85.33;    8.0;    3.5;    1.3;eor
       1975;20240102;    3;  11.3;   5.3;    3;  30.8;   6;    0.000;   0;   7.8;   8.5;  992.05;    5.3;   94.75;    8.9;    3.4;    2.2;eor
       1975;20240103;    3;  17.8;   7.2;    3;   7.9;   8;    0.000;   0;   7.8;   9.7;  982.35;    8.5;   87.38;   10.4;    5.6;    5.2;eor
       1975;20240104;    3;  14.6;   4.8;    3;   0.2;   8;    0.000;   0;   7.8;   5.9;  997.69;    1.5;   86.67;    5.6;   -0.3;   -0.4;eor
       1975;20240105;    3;  12.3;   5.7;    3;   5.6;   8;    0.000;   0;   7.9;   5.4; 1002.40;   -0.5;   90.71;    0.4;   -1.1;   -1.1;eor
       1975;20240106;    3;  10.3;   5.5;    3;   2.3;   8;    0.000;   4;   7.5;   5.0; 1010.71;   -1.2;   88.92;   -0.7;   -1.6;   -3.5;eor
       1975;20240107;    3;   8.7;   3.9;    3;   0.1;   8;    5.017;   7;   6.0;   4.0; 1024.85;   -1.9;   75.71;   -0.3;   -3.7;   -5.9;eor
       1975;20240108;    3;  11.8;   4.4;    3;   0.0;   0;    2.033;   6;   4.5;   4.0; 1033.77;   -2.0;   75.38;   -0.3;   -5.5;  -10.3;eor
       1975;20240109;    3;   4.1;   1.5;    3;   0.0;   0;    6.517;   6;   0.3;   3.6; 1036.49;   -5.7;   90.71;   -1.5;   -9.1;  -14.6;eor
       1975;20240110;    3;   6.7;   2.3;    3;   0.0;   0;    0.000;   6;   7.9;   4.3; 1032.81;   -3.7;   92.79;   -2.3;   -6.2;   -5.6;eor
       1975;20240111;    3;   6.7;   2.0;    3;   0.0;   6;    0.000;   6;   7.4;   5.4; 1030.47;   -1.2;   96.71;    1.7;   -3.7;   -6.3;eor
       1975;20240112;    3;   8.7;   3.0;    3;   0.4;   8;    0.000;   5;   7.8;   5.8; 1026.43;   -0.1;   94.63;    3.7;   -4.4;   -5.4;eor
       1975;20240113;    3;  11.8;   5.4;    3;   3.9;   6;    0.000;   1;   7.5;   7.4; 1012.72;    3.5;   94.17;    5.0;    2.5;    1.2;eor
       1975;20240114;    3;  12.2;   5.1;    3;   3.6;   8;    0.217;   0;   6.9;   6.6;  999.75;    2.8;   88.38;    3.9;    0.7;   -0.3;eor
       1975;20240115;    3;  13.9;   4.3;    3;   0.4;   8;    0.033;   0;   7.2;   5.9;  992.49;    1.0;   89.04;    2.9;   -1.4;   -2.2;eor
       1975;20240116;    3;  11.8;   4.5;    3;   0.8;   7;    0.000;   0;   6.9;   5.3; 1001.58;   -0.5;   89.46;    0.9;   -2.1;   -3.2;eor
       1975;20240117;    3;  12.2;   4.7;    3;   0.0;   8;    0.000;   0;   7.6;   4.4;  991.21;   -1.1;   77.42;   -0.1;   -3.8;   -6.0;eor
       1975;20240118;    3;   9.3;   2.1;    3;   1.0;   8;    7.033;   0;   2.8;   4.6;  996.45;   -1.9;   87.25;    2.2;   -6.4;   -9.5;eor
       1975;20240119;    3;  14.6;   6.1;    3;   1.6;   8;    2.517;   2;   5.6;   5.6; 1011.10;    1.0;   85.17;    2.9;   -1.2;   -3.2;eor
       1975;20240120;    3;  12.0;   6.1;    3;   0.0;   0;    2.600;   1;   7.2;   5.5; 1021.33;    1.7;   79.79;    3.9;   -0.3;   -2.1;eor
       1975;20240121;    3;  18.0;   7.3;    3;   1.1;   6;    0.000;   0;   7.9;   4.6; 1016.32;    3.2;   58.38;    6.6;   -0.2;   -3.8;eor
       1975;20240122;    3;  19.9;   8.5;    3;   5.9;   6;    0.133;   0;   7.4;   8.8; 1001.80;    8.3;   79.54;   10.2;    5.6;    4.2;eor
       1975;20240123;    3;  19.0;   7.4;    3;  12.6;   6;    0.450;   0;   7.6;   8.0; 1012.76;    6.9;   79.63;    8.1;    5.2;    3.9;eor
       1975;20240124;    3;  22.8;  10.8;    3;   0.6;   6;    0.000;   0;   7.3;   9.4; 1007.41;    9.7;   77.75;   12.0;    7.1;    5.4;eor
       1975;20240125;    3;  16.5;   5.6;    3;   0.0;   6;    0.000;   0;   7.3;   8.2; 1021.43;    6.5;   84.92;    7.7;    3.5;   -0.4;eor
       1975;20240126;    3;  23.3;   7.1;    3;   6.7;   6;    0.000;   0;   7.4;   8.8; 1017.56;    7.1;   86.54;   10.3;    5.2;    3.9;eor
       1975;20240127;    3;  11.8;   4.3;    3;   0.0;   0;    7.100;   0;   3.6;   7.3; 1030.17;    4.9;   84.00;    7.9;    1.3;   -2.1;eor
       1975;20240128;    3;   9.3;   3.8;    3;   0.0;   0;    7.333;   0;   4.4;   5.9; 1029.25;    3.1;   78.29;    8.1;   -1.0;   -4.6;eor
       1975;20240129;    3;   7.4;   2.9;    3;   0.0;   0;    6.083;   0;   6.9;   6.1; 1024.60;    5.4;   68.25;    9.9;    2.5;   -1.8;eor
       1975;20240130;    3;  13.7;   3.7;    3;   0.4;   6;    0.000;   0;   8.0;   8.4; 1023.88;    6.9;   84.04;   10.5;    2.7;   -1.3;eor
       1975;20240131;    3;  16.3;   6.5;    3;   2.6;   6;    0.433;   0;   7.8;   6.9; 1025.70;    5.5;   76.00;    6.6;    4.5;    3.3;eor
       1975;20240201;    3;  17.1;   6.4;    3;   0.0;   6;    4.967;   0;   5.3;   7.9; 1021.51;    6.1;   83.83;    8.1;    4.4;    2.2;eor
       1975;20240202;    3;  13.9;   6.0;    3;   2.6;   6;    0.000;   0;   7.8;   8.8; 1019.38;    6.8;   88.88;    9.9;    4.7;    4.1;eor
       1975;20240203;    3;  15.4;   7.0;    3;   0.1;   6;    0.000;   0;   7.6;   9.9; 1015.74;    9.1;   85.17;   10.4;    6.2;    3.8;eor
       1975;20240204;    3;  17.0;   6.7;    3;   8.2;   6;    0.000;   0;   7.3;   8.5; 1011.67;    7.2;   83.29;    9.5;    5.9;    3.8;eor
       1975;20240205;    3;  18.9;   8.6;    3;   4.9;   6;    0.000;   0;   7.5;  10.2; 1007.28;    8.6;   90.75;    9.5;    8.0;    7.2;eor
       1975;20240206;    3;  17.0;   8.1;    3;  13.5;   6;    0.000;   0;   7.5;  10.0;  999.13;    9.1;   86.21;   11.2;    5.1;    4.3;eor
       1975;20240207;    3;  14.9;   4.8;    3;   0.1;   6;    2.317;   0;   7.6;   6.1; 1000.18;    3.7;   76.75;    5.9;   -0.5;   -4.0;eor
       1975;20240208;    3;   8.9;   2.9;    3;   1.9;   8;    0.000;   0;   7.1;   5.8;  998.88;    1.6;   85.08;    4.4;   -1.3;   -3.1;eor
       1975;20240209;    3;  12.2;   5.1;    3;   9.8;   8;    0.000;   0;   7.7;   6.7;  987.93;    2.0;   94.92;    4.1;    0.6;    0.0;eor
       1975;20240210;    3;   9.1;   3.4;    3;   0.5;   6;    0.000;   0;   8.0;   9.0;  988.95;    5.6;   98.50;    7.5;    4.0;    3.6;eor
       1975;20240211;    3;   9.6;   4.1;    3;   3.3;   6;    0.000;   0;   8.0;   8.5;  990.67;    4.9;   97.96;    5.6;    4.4;    4.2;eor
       1975;20240212;    3;   8.9;   3.3;    3;   0.1;   6;    0.250;   0;   7.9;   8.9;  999.34;    6.7;   90.29;    8.5;    4.5;    4.3;eor
       1975;20240213;    3;   9.9;   4.7;    3;   4.9;   6;    0.300;   0;   7.0;   7.9; 1012.42;    5.7;   86.21;    7.3;    2.3;    0.0;eor
       1975;20240214;    3;   8.7;   4.3;    3;   5.0;   6;    0.000;   0;   7.6;  10.5; 1011.99;    8.2;   94.71;   11.0;    4.5;    3.3;eor
       1975;20240215;    3;   7.7;   3.7;    3;   2.4;   6;    0.000;   0;   7.9;  13.4; 1012.45;   11.9;   96.08;   12.8;   10.8;    9.7;eor
       1975;20240216;    3;  12.0;   4.8;    3;   1.3;   6;    0.300;   0;   7.5;  11.8; 1010.14;   11.5;   86.71;   14.8;   10.1;    8.3;eor
       1975;20240217;    3;  13.2;   4.9;    3;   0.0;   6;    0.433;   0;   6.8;   7.7; 1026.22;    6.0;   82.21;   10.2;    1.1;   -1.9;eor
       1975;20240218;    3;   9.8;   4.1;    3;  19.2;   6;    0.000;   0;   7.4;   9.2; 1022.31;    6.7;   92.21;    9.4;    2.2;   -0.2;eor
       1975;20240219;    3;  14.6;   5.5;    3;   2.7;   6;    0.200;   0;   7.7;   9.9; 1017.92;    7.8;   92.92;   10.4;    5.7;    5.3;eor
       1975;20240220;    3;  12.9;   5.4;    3;   0.6;   6;    1.233;   0;   7.4;   9.2; 1020.24;    8.0;   85.21;    9.6;    6.5;    5.5;eor
       1975;20240221;    3;  11.3;   5.3;    3;   5.3;   6;    0.000;   0;   7.8;   9.9; 1009.66;    8.7;   87.63;    9.7;    7.5;    6.5;eor
       1975;20240222;    3;  21.9;   5.8;    3;   0.8;   6;    0.250;   0;   7.8;  10.8;  986.81;    9.7;   89.63;   11.7;    7.4;    6.6;eor
       1975;20240223;    3;  23.0;   8.5;    3;   0.7;   6;    1.933;   0;   6.0;   7.0;  988.58;    6.8;   71.13;   10.0;    4.6;    1.2;eor
       1975;20240224;    3;  17.8;   3.9;    3;   1.8;   6;    1.350;   0;   5.0;   7.0;  997.85;    4.9;   81.33;    9.2;    1.6;   -1.8;eor
       1975;20240225;    3;  14.7;   3.9;    3;   3.4;   6;    1.417;   0;   7.2;   7.3; 1001.19;    4.8;   85.08;    8.2;    1.9;    0.1;eor
       1975;20240226;    3;   7.4;   2.4;    3;   0.0;   0;    0.367;   0;   7.9;   7.0; 1007.31;    2.6;   94.17;    6.8;   -2.1;   -3.8;eor
       1975;20240227;    3;   7.0;   2.3;    3;   0.0;   0;    0.000;   0;   8.0;   7.0; 1016.73;    3.8;   86.88;    5.3;    2.8;    2.6;eor
       1975;20240228;    3;   7.2;   3.5;    3;   0.0;   0;    1.433;   0;   7.7;   7.1; 1018.43;    4.7;   82.13;    7.3;    2.1;    0.6;eor
       1975;20240229;    3;  11.7;   5.9;    3;   0.0;   0;    9.167;   0;   6.7;   7.0; 1010.05;    7.3;   69.21;   13.0;    2.0;    0.4;eor
       1975;20240301;    3;   7.9;   4.0;    3;   0.4;   6;    3.533;   0;   5.5;   8.3; 1002.91;    7.3;   80.21;   11.8;    2.5;    0.3;eor
       1975;20240302;    3;   8.6;   3.7;    3;   0.0;   0;    3.833;   0;   7.6;   9.2; 1002.98;    9.4;   78.67;   13.4;    7.2;    3.7;eor
       1975;20240303;    3;  10.1;   4.1;    3;   0.0;   0;    6.733;   0;   4.6;   9.6; 1003.52;    8.6;   86.71;   14.2;    3.2;    1.2;eor
       1975;20240304;    3;   9.9;   3.7;    3;   0.0;   0;    4.267;   0;   5.5;   9.1; 1009.18;    7.4;   88.50;   13.4;    4.3;    2.6;eor
       1975;20240305;    3;  11.7;   5.6;    3;   0.0;   6;    4.367;   0;   7.0;   6.7; 1015.91;    5.0;   77.29;    8.5;    3.7;    3.5;eor
       1975;20240306;    3;   7.7;   3.3;    3;   0.0;   0;    7.350;   0;   3.3;   6.5; 1023.54;    4.3;   78.79;    8.0;    1.3;   -1.6;eor
       1975;20240307;    3;   9.1;   4.1;    3;   0.0;   0;    2.350;   0;   5.2;   6.5; 1025.49;    3.7;   82.08;    7.5;    0.3;   -1.3;eor
       1975;20240308;    3;  12.2;   4.7;    3;   0.0;   0;   10.133;   0;   0.0;   5.6; 1017.73;    3.3;   73.92;    8.7;   -1.7;   -3.4;eor
       1975;20240309;    3;  16.1;   6.0;    3;   0.0;   0;    7.183;   0;   2.5;   6.2; 1006.98;    5.5;   68.96;   10.4;    1.1;   -0.5;eor
       1975;20240310;    3;  12.7;   5.8;    3;   0.0;   0;    6.833;   0;   3.5;   7.7; 1002.05;    6.7;   79.08;   11.6;    2.2;    1.0;eor
       1975;20240311;    3;   9.9;   4.3;    3;   0.0;   6;    0.100;   0;   7.4;   8.6; 1002.60;    6.7;   87.38;    8.6;    4.4;    3.2;eor
       1975;20240312;    3;   6.7;   2.2;    3;   0.0;   6;    0.083;   0;   7.9;   8.9; 1010.98;    7.1;   88.83;   10.6;    2.6;    2.2;eor
       1975;20240313;    3;   8.2;   3.5;    3;   0.5;   6;    4.583;   0;   5.8;   9.8; 1012.61;    7.8;   91.38;   11.3;    2.1;   -1.3;eor
       1975;20240314;    3;  11.7;   4.9;    3;   0.0;   6;    5.000;   0;   7.9;  11.2; 1009.45;   12.3;   78.83;   17.0;    9.0;    6.5;eor
       1975;20240315;    1;  12.2;   4.2;    1;  10.8;   6;    1.000;   0;   7.2;  11.7; 1004.72;   11.7;   85.17;   15.0;    8.3;    4.9;eor
       1975;20240316;    1;  15.6;   6.5;    1;   0.4;   6;    4.633;   0;   5.2;   8.6; 1012.47;    8.2;   77.88;   11.0;    3.9;    1.2;eor
       1975;20240317;    1;   8.2;   2.7;    1;   0.0;   0;    9.733;   0;   6.3;   6.4; 1021.63;    5.6;   72.00;   10.1;    0.4;   -2.5;eor
       1975;20240318;    1;   9.8;   5.5;    1;   0.2;   4;    2.083;   0;   7.9;   5.9; 1017.64;    5.7;   65.17;    9.8;    2.5;    1.8;eor
       1975;20240319;    1;   8.6;   4.9;    1;   0.4;   4;    1.017;   0;   7.8;   7.0; 1017.89;    7.5;   67.17;   11.6;    2.2;    0.8;eor
       1975;20240320;    1;   5.1;   1.6;    1;   3.3;   6;    1.783;   0;   8.0;  10.8; 1017.12;   11.4;   79.54;   15.5;    7.6;    6.3;eor
       1975;20240321;    1;  13.5;   3.8;    1;   0.1;   6;    0.017;   0;   7.7;  10.4; 1017.88;    9.1;   89.21;   11.3;    6.5;    5.4;eor
       1975;20240322;    1;  10.3;   4.7;    1;   0.8;   6;    0.000;   0;   7.8;  10.1; 1011.18;    9.1;   86.58;   10.6;    6.5;    5.2;eor
       1975;20240323;    1;  18.0;   4.1;    1;   0.7;   6;    4.017;   0;   6.3;   7.5; 1002.83;    5.8;   81.54;   10.1;    3.2;    1.6;eor
       1975;20240324;    1;  14.7;   6.3;    1;   1.6;   6;    0.633;   0;   7.1;   7.7;  995.54;    5.7;   83.46;    8.8;    3.0;    1.5;eor
       1975;20240325;    1;  10.3;   3.6;    1;   0.6;   6;    5.367;   0;   6.5;   7.3; 1002.05;    6.1;   78.67;   10.1;    1.5;   -1.9;eor
       1975;20240326;    1;  13.5;   5.0;    1;   0.0;   0;    6.533;   0;   8.0;   6.8;  995.37;    7.3;   67.71;   11.8;    1.1;   -2.7;eor
       1975;20240327;    1;   7.4;   2.8;    1;   0.7;   6;    7.333;   0;   6.5;   8.2;  985.90;   10.4;   66.54;   17.6;    4.5;    1.1;eor
       1975;20240328;    1;  18.0;   4.8;    1;   9.4;   6;    1.767;   0;   7.7;   9.3;  984.77;    8.0;   86.79;   13.1;    5.5;    2.3;eor
       1975;20240329;    1;  10.8;   4.8;    1;   0.0;   6;    0.467;   0;   6.7;   9.2;  993.96;    9.4;   77.38;   13.2;    6.0;    3.7;eor
       1975;20240330;    1;  11.1;   3.5;    1;   0.0;   0;    3.467;   0;   6.8;  11.5;  996.81;   13.6;   75.08;   18.9;    9.0;    6.6;eor
       1975;20240331;    1;   6.2;   2.3;    1;   0.7;   6;    0.650;   0;   7.8;  10.6;  997.95;    9.6;   88.58;   13.3;    7.9;    5.4;eor
       1975;20240401;    1;  14.6;   3.5;    1;  16.1;   6;    0.000;   0;   7.5;  10.8;  993.27;    8.8;   94.67;   10.8;    6.4;    3.4;eor
       1975;20240402;    1;  14.7;   5.5;    1;   5.7;   6;    0.633;   0;   7.8;  10.2;  999.97;    9.5;   86.04;   13.4;    8.3;    7.1;eor
       1975;20240403;    1;   7.7;   3.3;    1;   6.5;   6;    0.050;   0;   7.7;   9.8; 1003.78;    7.9;   90.04;   10.6;    4.1;    3.8;eor
       1975;20240404;    1;  13.9;   4.7;    1;   7.8;   6;    1.750;   0;   7.3;  11.5; 1002.48;   10.6;   89.25;   12.7;    9.1;    7.6;eor
       1975;20240405;    1;  15.4;   5.1;    1;   5.3;   6;    2.500;   0;   6.8;  12.3; 1006.40;   12.8;   83.25;   15.7;    9.0;    7.8;eor
       1975;20240406;    1;  11.1;   4.4;    1;   0.0;   0;    5.200;   0;   7.4;  13.6; 1009.52;   16.6;   72.33;   22.2;    9.9;    5.9;eor
       1975;20240407;    1;  14.6;   4.3;    1;   4.0;   6;    8.050;   0;   6.0;  11.8; 1010.39;   17.2;   60.88;   20.9;   13.4;    9.9;eor
       1975;20240408;    1;   7.4;   2.6;    1;   0.0;   6;    3.750;   0;   6.7;  14.1; 1008.41;   15.0;   83.21;   19.9;   11.5;    8.9;eor
       1975;20240409;    1;  17.1;   4.2;    1;   2.4;   6;    0.650;   0;   7.8;  12.6; 1006.74;   13.4;   81.21;   18.1;    9.6;    8.0;eor
       1975;20240410;    1;  13.7;   4.9;    1;   0.1;   6;    3.500;   0;   5.6;   9.1; 1022.39;   10.2;   73.46;   14.3;    6.2;    2.2;eor
       1975;20240411;    1;  11.1;   5.3;    1;   1.4;   6;    0.000;   0;   7.6;  11.4; 1027.08;   11.7;   81.71;   13.8;    7.8;    4.2;eor
       1975;20240412;    1;  13.4;   4.6;    1;   0.0;   6;    3.033;   0;   7.7;  13.4; 1025.63;   13.5;   87.13;   19.0;    7.8;    4.1;eor
       1975;20240413;    1;  13.7;   4.4;    1;   0.1;   6;    8.500;   0;   6.3;  13.2; 1018.63;   15.3;   76.83;   20.1;    8.0;    4.6;eor
       1975;20240414;    1;  16.3;   6.6;    1;   0.0;   0;   11.083;   0;   6.0;   8.6; 1015.88;   10.9;   66.13;   15.2;    5.6;    3.0;eor
       1975;20240415;    1;  14.7;   4.7;    1;   4.9;   6;    3.967;   0;   6.1;   8.1; 1002.29;    8.1;   76.58;   13.4;    2.9;   -0.8;eor
       1975;20240416;    1;  11.1;   4.0;    1;   2.6;   6;    1.100;   0;   7.0;   8.2;  998.73;    6.7;   83.54;   10.2;    4.2;    2.8;eor
       1975;20240417;    1;  10.1;   2.3;    1;   1.3;   6;    8.167;   0;   6.0;   7.0; 1007.33;    6.6;   74.54;   12.0;    1.6;   -0.8;eor
       1975;20240418;    1;  12.9;   3.4;    1;   4.4;   6;    8.167;   0;   4.1;   6.8; 1013.37;    6.0;   73.67;   11.6;   -1.0;   -3.2;eor
       1975;20240419;    1;  15.9;   6.2;    1;   5.9;   6;    1.583;   0;   7.3;   8.1; 1001.98;    6.6;   83.29;   10.8;    4.1;    3.1;eor
       1975;20240420;    1;   8.4;   2.7;    1;   1.2;   6;    4.950;   0;   7.1;   6.9; 1014.89;    5.5;   76.79;    9.4;    1.7;    0.1;eor
       1975;20240421;    1;  12.3;   3.2;    1;   0.9;   6;    7.500;   0;   5.8;   6.1; 1022.99;    5.2;   70.71;   10.1;    1.1;   -0.8;eor
       1975;20240422;    1;  10.3;   2.8;    1;   0.0;   6;    5.967;   0;   7.5;   5.5; 1023.21;    3.8;   69.13;    8.1;   -0.9;   -2.7;eor
       1975;20240423;    1;  12.3;   3.7;    1;   0.7;   6;    4.717;   0;   7.0;   5.7; 1015.55;    4.3;   70.63;    8.9;   -2.1;   -4.9;eor
       1975;20240424;    1;   8.2;   3.2;    1;   2.7;   6;    0.467;   0;   7.3;   7.4; 1003.35;    5.0;   84.79;    8.1;    3.5;    2.5;eor
       1975;20240425;    1;  11.5;   2.6;    1;   4.6;   6;    2.350;   0;   7.7;   7.3; 1001.85;    6.2;   78.71;    9.3;    3.0;    1.2;eor
       1975;20240426;    1;  11.7;   4.0;    1;   1.5;   6;    2.533;   0;   6.6;   8.2; 1002.51;    6.8;   83.50;   11.3;    2.7;   -0.5;eor
       1975;20240427;    1;  11.1;   3.7;    1;   1.9;   6;    7.717;   0;   6.5;   9.6; 1007.10;   11.3;   74.08;   18.6;    2.3;   -0.4;eor
       1975;20240428;    1;  13.9;   4.7;    1;   0.0;   6;    6.700;   0;   6.8;  10.1; 1008.65;   15.4;   59.13;   21.0;    8.8;    4.6;eor
       1975;20240429;    1;  10.5;   3.3;    1;   0.0;   6;   10.517;   0;   7.1;   9.5; 1019.34;   14.6;   59.21;   20.4;    6.0;    2.1;eor
       1975;20240430;    1;  10.1;   3.9;    1;   0.0;   0;   11.833;   0;   6.5;  12.4; 1016.22;   16.6;   65.92;   22.7;   10.6;    9.6;eor
       1975;20240501;    1;  14.4;   5.0;    1;   0.0;   0;   13.333;   0;   3.8;  12.5; 1008.23;   17.5;   65.63;   25.9;    9.3;    8.3;eor
       1975;20240502;    1;  15.1;   6.3;    1;   0.0;   0;   13.733;   0;   2.5;  12.5; 1002.16;   18.2;   62.33;   25.6;   10.6;    9.5;eor
       1975;20240503;    1;  10.6;   5.1;    1;   0.0;   0;    7.967;   0;   4.6;  13.1; 1006.80;   16.2;   71.42;   21.9;   11.3;   10.3;eor
       1975;20240504;    1;   6.9;   2.4;    1;   6.0;   6;    6.017;   0;   7.5;  10.7; 1013.03;   14.9;   64.13;   18.6;   10.9;    8.8;eor
       1975;20240505;    1;  12.5;   5.3;    1;   2.0;   6;    1.167;   0;   7.5;  12.2; 1005.03;   12.2;   85.46;   15.4;    9.0;    7.4;eor
       1975;20240506;    1;   7.2;   3.0;    1;   0.0;   0;    8.833;   0;   5.5;  10.7; 1007.90;   12.7;   74.08;   18.0;    6.7;    5.0;eor
       1975;20240507;    1;   8.6;   3.3;    1;   0.0;   0;    5.983;   0;   7.5;  10.6; 1017.81;   12.1;   75.75;   16.7;    7.1;    5.2;eor
       1975;20240508;    1;   9.3;   2.5;    1;   0.0;   0;   12.950;   0;   2.3;   8.1; 1024.83;   12.1;   60.71;   17.9;    5.3;    3.2;eor
       1975;20240509;    1;   7.7;   2.1;    1;   0.0;   0;   12.583;   0;   4.8;  10.3; 1024.65;   13.4;   68.54;   19.4;    4.6;    1.2;eor
       1975;20240510;    1;   8.2;   3.0;    1;   0.0;   0;   13.000;   0;   4.7;  12.2; 1022.25;   14.5;   74.79;   19.3;    9.6;    6.2;eor
       1975;20240511;    1;   8.9;   3.0;    1;   0.0;   0;   10.717;   0;   4.3;  11.1; 1022.56;   14.4;   68.88;   20.0;   10.1;    8.5;eor
       1975;20240512;    1;  12.7;   4.6;    1;   0.0;   0;   10.783;   0;   3.7;  10.7; 1019.77;   15.0;   65.67;   20.7;    9.5;    8.0;eor
       1975;20240513;    1;  12.2;   5.5;    1;   0.0;   0;   14.500;   0;   0.2;   9.5; 1013.30;   18.4;   45.54;   25.2;   11.0;    9.1;eor
       1975;20240514;    1;  13.2;   5.8;    1;   0.0;   0;   14.517;   0;   0.0;   9.6; 1009.88;   19.6;   42.58;   25.3;   12.6;   10.3;eor
       1975;20240515;    1;  15.4;   6.2;    1;   0.0;   0;   14.533;   0;   0.0;   9.3; 1008.74;   20.5;   40.00;   26.3;   13.9;   11.1;eor
       1975;20240516;    1;  18.5;   7.0;    1;   0.0;   0;   12.517;   0;   2.6;   9.8; 1007.03;   21.2;   39.79;   26.5;   15.2;   13.2;eor
       1975;20240517;    1;  13.5;   6.0;    1;   0.0;   0;   11.017;   0;   3.3;  10.5; 1008.10;   20.0;   46.88;   25.8;   12.5;   10.1;eor
       1975;20240518;    1;  10.8;   3.6;    1;   0.8;   6;   10.000;   0;   3.8;  11.8; 1009.24;   17.0;   63.25;   22.9;   10.9;    8.5;eor
       1975;20240519;    1;  10.6;   2.6;    1;   0.0;   6;    6.350;   0;   6.3;  13.4; 1008.23;   15.9;   75.29;   22.5;   10.0;    7.7;eor
       1975;20240520;    1;  11.3;   2.7;    1;   0.3;   6;    5.733;   0;   5.5;  14.8; 1010.18;   16.0;   82.21;   22.7;    9.4;    5.8;eor
       1975;20240521;    1;  11.5;   5.6;    1;   1.1;   6;   11.450;   0;   4.2;  15.1; 1009.53;   17.0;   78.71;   23.4;   12.2;   10.9;eor
       1975;20240522;    1;  10.3;   4.1;    1;  28.4;   6;    0.650;   0;   7.9;  16.0; 1006.30;   15.8;   88.88;   20.2;   14.3;   13.6;eor
       1975;20240523;    1;   9.3;   3.0;    1;   0.0;   0;    7.300;   0;   5.6;  14.6; 1012.05;   16.4;   79.46;   21.8;   10.9;    7.7;eor
       1975;20240524;    1;  11.1;   3.6;    1;   0.1;   6;   11.667;   0;   3.5;  13.9; 1017.50;   17.2;   72.50;   22.8;    9.4;    6.7;eor
       1975;20240525;    1;   5.7;   2.5;    1;   1.6;   6;    3.900;   0;   6.6;  14.9; 1015.97;   16.8;   78.33;   20.9;   13.9;   12.2;eor
       1975;20240526;    1;   9.1;   2.8;    1;   0.9;   6;    5.450;   0;   6.9;  16.4; 1015.03;   18.2;   79.33;   24.1;   13.6;   12.4;eor
